0.18035449087619781
-0.2813529968261719
0.07935597747564316
0.14428359270095825
-0.7214179635047913
-0.14428359270095825
-0.7574888467788696
-0.447279155254364
-0.7574888467788696
0.09378433972597122
-0.49777841567993164
-0.5843485593795776
0.353494793176651
-0.4617075026035309
-0.2885671854019165
-0.3967798948287964
-0.2885671854019165
-0.6925612688064575
0.18035449087619781
-0.03607089817523956
-0.32463809847831726
-0.38956570625305176
-0.10821269452571869
-0.5049926042556763
0.223639577627182
0.17314031720161438
0.36070898175239563
0.223639577627182
-0.4689216911792755
-0.15149778127670288
0.353494793176651
-0.12264105677604675
-0.490564227104187
-0.20199702680110931
-0.577134370803833
-0.2885671854019165
-0.7574888467788696
0.16592612862586975
0.2813529968261719
-0.17314031720161438
0.0
0.09378433972597122
-0.4689216911792755
0.40399405360221863
-0.6709187030792236
-0.40399405360221863
-0.25249630212783813
-0.29578137397766113
-0.7142037749290466
-0.7574888467788696
-0.5627059936523438
-0.15149778127670288
-0.5627059936523438
-0.5699201822280884
-0.5049926042556763
-0.5482776761054993
0.27413883805274963
0.05049925670027733
-0.043285079300403595
-0.30299556255340576
-0.34628063440322876
-0.490564227104187
-0.7574888467788696
-0.6348478198051453
-0.353494793176651
-0.223639577627182
-0.19478285312652588
-0.2597104609012604
-0.31742390990257263
-0.36070898175239563
-0.33906644582748413
0.40399405360221863
-0.5554918646812439
0.36070898175239563
-0.36070898175239563
0.07214179635047913
-0.23806792497634888
0.09378433972597122
-0.4400649666786194
-0.45449331402778625
0.23806792497634888
-0.6564903259277344
0.15871195495128632
-0.47613584995269775
0.021642539650201797
-0.0649276152253151
-0.620419442653656
-0.5410634875297546
0.14428359270095825
-0.02885671891272068
0.33906644582748413
0.266924649477005
-0.310209721326828
0.20199702680110931
-0.5915627479553223
-0.05771343782544136
-0.18756867945194244
0.07935597747564316
-0.620419442653656
0.20921121537685394
-0.02885671891272068
-0.33906644582748413
0.40399405360221863
0.14428359270095825
-0.7214179635047913
-0.5194209218025208
-0.5915627479553223
0.08657015860080719
-0.36792317032814026
0.38956570625305176
0.3967798948287964
-0.6781328916549683
0.17314031720161438
0.223639577627182
0.1298552304506302
-0.18756867945194244
-0.18035449087619781
-0.33906644582748413
-0.6564903259277344
-0.2813529968261719
-0.7430605292320251
0.40399405360221863
0.03607089817523956
-0.05771343782544136
-0.16592612862586975
0.02885671891272068
-0.34628063440322876
-0.4833500385284424
0.23806792497634888
0.2885671854019165
-0.05771343782544136
-0.38235151767730713
0.08657015860080719
-0.4184224307537079
0.34628063440322876
-0.0649276152253151
0.18035449087619781
0.2885671854019165
-0.09378433972597122
-0.03607089817523956
-0.4617075026035309
-0.23085375130176544
-0.11542687565088272
-0.6781328916549683
-0.5266351103782654
-0.223639577627182
-0.01442835945636034
-0.10099851340055466
-0.25249630212783813
0.36792317032814026
0.33906644582748413
-0.6997754573822021
-0.6781328916549683
-0.7430605292320251
-0.10099851340055466
0.10099851340055466
-0.07935597747564316
-0.6276336312294006
0.30299556255340576
-0.19478285312652588
-0.5554918646812439
-0.05049925670027733
0.0649276152253151
-0.6564903259277344
0.31742390990257263
-0.223639577627182
-0.620419442653656
-0.6348478198051453
-0.29578137397766113
-0.20199702680110931
0.01442835945636034
-0.36792317032814026
-0.05771343782544136
-0.05049925670027733
0.08657015860080719
-0.09378433972597122
-0.310209721326828
0.33906644582748413
-0.08657015860080719
-0.08657015860080719
0.043285079300403595
0.0649276152253151
0.25249630212783813
-0.5266351103782654
-0.5554918646812439
-0.7574888467788696
-0.043285079300403595
-0.11542687565088272
-0.6059911251068115
-0.0649276152253151
-0.2452821135520935
-0.7574888467788696
-0.29578137397766113
-0.30299556255340576
0.18756867945194244
-0.38235151767730713
-0.07214179635047913
-0.7214179635047913
-0.7574888467788696
0.31742390990257263
-0.40399405360221863
-0.2452821135520935
-0.5049926042556763
-0.6132052540779114
0.0
0.07935597747564316
-0.40399405360221863
-0.09378433972597122
-0.36070898175239563
0.043285079300403595
-0.6132052540779114
-0.15871195495128632
-0.2597104609012604
-0.7574888467788696
-0.5266351103782654
0.1298552304506302
0.09378433972597122
-0.7142037749290466
-0.15871195495128632
0.3318522572517395
-0.447279155254364
0.33906644582748413
-0.4184224307537079
0.223639577627182
0.15149778127670288
0.3967798948287964
-0.34628063440322876
0.40399405360221863
0.38956570625305176
0.40399405360221863
0.23806792497634888
-0.4833500385284424
-0.0649276152253151
-0.706989586353302
0.353494793176651
-0.577134370803833
-0.5410634875297546
0.3751373589038849
0.40399405360221863
0.3318522572517395
0.31742390990257263
-0.14428359270095825
-0.43285077810287476
-0.36792317032814026
-0.353494793176651
-0.08657015860080719
-0.5194209218025208
0.34628063440322876
-0.2813529968261719
-0.021642539650201797
-0.3967798948287964
-0.01442835945636034
-0.5049926042556763
0.08657015860080719
-0.5987769365310669
-0.0
0.17314031720161438
0.29578137397766113
0.05049925670027733
-0.30299556255340576
-0.20199702680110931
-0.4617075026035309
-0.4400649666786194
0.10099851340055466
-0.15149778127670288
0.23085375130176544
0.1298552304506302
-0.7502747178077698
-0.2597104609012604
0.2597104609012604
-0.13706941902637482
-0.6709187030792236
-0.5987769365310669
0.31742390990257263
-0.706989586353302
-0.32463809847831726
0.03607089817523956
0.266924649477005
-0.15149778127670288
-0.15871195495128632
-0.5627059936523438
0.20199702680110931
-0.4400649666786194
-0.7574888467788696
0.18035449087619781
-0.5627059936523438
0.15149778127670288
-0.6853470802307129
-0.00721417972818017
0.12264105677604675
-0.7502747178077698
-0.5482776761054993
0.30299556255340576
-0.5410634875297546
-0.33906644582748413
-0.30299556255340576
-0.6853470802307129
-0.15871195495128632
0.32463809847831726
-0.20199702680110931
-0.2885671854019165
-0.6925612688064575
0.2813529968261719
-0.5699201822280884
-0.620419442653656
-0.45449331402778625
-0.7574888467788696
0.17314031720161438
0.2885671854019165
0.10821269452571869
-0.14428359270095825
-0.4400649666786194
0.07214179635047913
-0.6781328916549683
-0.6564903259277344
-0.29578137397766113
-0.03607089817523956
0.223639577627182
-0.0
-0.7430605292320251
0.01442835945636034
-0.7142037749290466
0.15871195495128632
-0.29578137397766113
0.0
0.18756867945194244
-0.27413883805274963
-0.663704514503479
-0.3751373589038849
0.17314031720161438
0.36792317032814026
-0.31742390990257263
0.40399405360221863
-0.19478285312652588
-0.6853470802307129
-0.5915627479553223
-0.4400649666786194
-0.05049925670027733
0.310209721326828
-0.663704514503479
0.18756867945194244
-0.6853470802307129
-0.6132052540779114
0.223639577627182
0.08657015860080719
0.40399405360221863
-0.223639577627182
0.10099851340055466
-0.7502747178077698
-0.07935597747564316
0.25249630212783813
-0.00721417972818017
-0.36792317032814026
-0.41120824217796326
-0.00721417972818017
-0.6420620083808899
0.21642538905143738
0.08657015860080719
-0.310209721326828
0.09378433972597122
-0.4689216911792755
-0.17314031720161438
-0.3967798948287964
0.0649276152253151
0.21642538905143738
-0.7574888467788696
0.15871195495128632
0.29578137397766113
-0.21642538905143738
0.40399405360221863
-0.6564903259277344
-0.5843485593795776
-0.41120824217796326
0.223639577627182
-0.0649276152253151
0.03607089817523956
-0.5843485593795776
-0.706989586353302
0.2885671854019165
0.12264105677604675
0.02885671891272068
-0.5266351103782654
0.3967798948287964
-0.33906644582748413
-0.5627059936523438
0.18035449087619781
-0.40399405360221863
0.23085375130176544
0.01442835945636034
0.25249630212783813
-0.447279155254364
-0.33906644582748413
-0.5410634875297546
-0.7430605292320251
0.25249630212783813
-0.266924649477005
0.10821269452571869
-0.2813529968261719
0.2885671854019165
0.32463809847831726
-0.7142037749290466
0.05049925670027733
0.40399405360221863
-0.45449331402778625
0.18035449087619781
-0.18035449087619781
0.40399405360221863
-0.6348478198051453
-0.0649276152253151
0.27413883805274963
-0.6709187030792236
0.02885671891272068
0.353494793176651
-0.577134370803833
-0.23085375130176544
0.02885671891272068
-0.15149778127670288
0.16592612862586975
-0.6132052540779114
-0.17314031720161438
-0.27413883805274963
-0.223639577627182
-0.12264105677604675
0.2813529968261719
0.23806792497634888
0.38956570625305176
0.19478285312652588
0.00721417972818017
-0.5194209218025208
0.18756867945194244
0.15149778127670288
0.1298552304506302
-0.45449331402778625
-0.16592612862586975
-0.6564903259277344
-0.447279155254364
-0.02885671891272068
-0.6564903259277344
-0.7358463406562805
-0.27413883805274963
-0.19478285312652588
-0.5482776761054993
-0.4833500385284424
-0.10821269452571869
0.0649276152253151
-0.5699201822280884
-0.7574888467788696
-0.043285079300403595
-0.23085375130176544
-0.05771343782544136
0.31742390990257263
-0.7574888467788696
-0.38956570625305176
0.0
-0.07214179635047913
-0.13706941902637482
-0.447279155254364
0.23806792497634888
-0.6997754573822021
0.32463809847831726
-0.5699201822280884
-0.3967798948287964
0.1298552304506302
-0.18035449087619781
0.3318522572517395
0.25249630212783813
-0.3967798948287964
0.00721417972818017
0.0649276152253151
-0.05049925670027733
0.38956570625305176
0.12264105677604675
-0.47613584995269775
-0.18035449087619781
-0.5915627479553223
-0.10821269452571869
-0.7142037749290466
-0.20921121537685394
-0.6853470802307129
-0.45449331402778625
-0.4833500385284424
0.29578137397766113
-0.47613584995269775
0.2452821135520935
-0.13706941902637482
0.27413883805274963
0.31742390990257263
0.07935597747564316
0.353494793176651
0.2813529968261719
0.01442835945636034
-0.40399405360221863
-0.6420620083808899
-0.5987769365310669
-0.43285077810287476
0.36792317032814026
-0.17314031720161438
0.09378433972597122
-0.05771343782544136
0.11542687565088272
-0.4689216911792755
-0.11542687565088272
0.30299556255340576
-0.14428359270095825
-0.18035449087619781
0.10821269452571869
0.13706941902637482
-0.32463809847831726
0.266924649477005
-0.7430605292320251
-0.6420620083808899
0.03607089817523956
-0.05049925670027733
-0.043285079300403595
0.43285077810287476
0.6420620083808899
-0.09378433972597122
-0.0649276152253151
-0.09378433972597122
0.1298552304506302
-0.08657015860080719
0.18756867945194244
-0.09378433972597122
0.266924649477005
-0.05049925670027733
-0.09378433972597122
-0.05049925670027733
-0.043285079300403595
0.0649276152253151
-0.09378433972597122
-0.09378433972597122
0.5554918646812439
0.4400649666786194
-0.07935597747564316
-0.09378433972597122
-0.05049925670027733
0.38235151767730713
0.021642539650201797
-0.09378433972597122
-0.00721417972818017
0.5194209218025208
0.3967798948287964
-0.05049925670027733
0.18035449087619781
-0.05049925670027733
-0.09378433972597122
-0.09378433972597122
-0.09378433972597122
-0.05049925670027733
-0.09378433972597122
-0.05049925670027733
0.47613584995269775
0.49777841567993164
0.47613584995269775
-0.09378433972597122
-0.0649276152253151
0.53384929895401
-0.05049925670027733
-0.09378433972597122
-0.05049925670027733
-0.05049925670027733
-0.09378433972597122
-0.05049925670027733
0.11542687565088272
0.5194209218025208
0.6276336312294006
-0.05049925670027733
0.01442835945636034
0.223639577627182
0.266924649477005
0.6420620083808899
-0.05049925670027733
-0.09378433972597122
-0.09378433972597122
0.49777841567993164
-0.09378433972597122
0.6420620083808899
0.0649276152253151
-0.09378433972597122
-0.09378433972597122
-0.0649276152253151
-0.09378433972597122
0.5122067332267761
0.10821269452571869
-0.05049925670027733
-0.09378433972597122
0.0649276152253151
-0.08657015860080719
-0.09378433972597122
-0.09378433972597122
-0.05049925670027733
0.00721417972818017
0.34628063440322876
-0.05049925670027733
0.45449331402778625
-0.09378433972597122
0.13706941902637482
0.4617075026035309
0.0649276152253151
-0.09378433972597122
-0.05049925670027733
-0.09378433972597122
0.49777841567993164
-0.09378433972597122
-0.05049925670027733
-0.09378433972597122
-0.05049925670027733
0.4184224307537079
-0.09378433972597122
-0.09378433972597122
-0.09378433972597122
-0.09378433972597122
-0.09378433972597122
-0.05049925670027733
-0.05049925670027733
-0.07935597747564316
0.6853470802307129
-0.05049925670027733
0.4689216911792755
-0.05049925670027733
0.5987769365310669
-0.05049925670027733
-0.09378433972597122
-0.05049925670027733
0.0649276152253151
-0.09378433972597122
-0.05049925670027733
0.5266351103782654
0.6420620083808899
-0.05049925670027733
0.6925612688064575
0.6348478198051453
-0.05049925670027733
-0.07214179635047913
0.07214179635047913
-0.05049925670027733
-0.05049925670027733
-0.09378433972597122
-0.05049925670027733
-0.05049925670027733
-0.09378433972597122
-0.00721417972818017
-0.09378433972597122
-0.05049925670027733
-0.09378433972597122
-0.05049925670027733
0.021642539650201797
-0.05049925670027733
-0.09378433972597122
-0.09378433972597122
-0.05049925670027733
-0.05049925670027733
0.620419442653656
0.2597104609012604
-0.09378433972597122
-0.05049925670027733
0.5410634875297546
-0.05049925670027733
0.2885671854019165
-0.05049925670027733
0.13706941902637482
-0.05049925670027733
-0.05049925670027733
0.490564227104187
-0.09378433972597122
-0.05049925670027733
0.2885671854019165
-0.05049925670027733
-0.09378433972597122
0.1298552304506302
-0.05049925670027733
-0.09378433972597122
0.43285077810287476
-0.05049925670027733
0.6132052540779114
0.4400649666786194
-0.09378433972597122
0.5915627479553223
0.49777841567993164
-0.05049925670027733
-0.05049925670027733
-0.01442835945636034
-0.05049925670027733
-0.05049925670027733
0.16592612862586975
0.08657015860080719
0.5482776761054993
-0.05049925670027733
-0.05049925670027733
-0.07214179635047913
-0.043285079300403595
-0.09378433972597122
-0.09378433972597122
-0.09378433972597122
-0.09378433972597122
-0.09378433972597122
-0.05049925670027733
-0.05049925670027733
-0.09378433972597122
-0.09378433972597122
-0.09378433972597122
0.021642539650201797
-0.09378433972597122
-0.09378433972597122
-0.09378433972597122
0.10821269452571869
0.5699201822280884
0.23806792497634888
-0.09378433972597122
0.0649276152253151
-0.07935597747564316
-0.05049925670027733
-0.05049925670027733
-0.09378433972597122
-0.05049925670027733
-0.0649276152253151
-0.05049925670027733
0.6781328916549683
0.6925612688064575
0.5194209218025208
-0.05049925670027733
-0.05049925670027733
-0.05049925670027733
0.021642539650201797
0.36792317032814026
-0.08657015860080719
0.07214179635047913
-0.021642539650201797
-0.05049925670027733
-0.08657015860080719
-0.05049925670027733
0.16592612862586975
-0.05049925670027733
-0.09378433972597122
-0.00721417972818017
-0.05049925670027733
0.49777841567993164
0.36792317032814026
-0.05049925670027733
-0.05771343782544136
0.43285077810287476
-0.07935597747564316
-0.09378433972597122
-0.05049925670027733
-0.05049925670027733
-0.05049925670027733
-0.05049925670027733
-0.05049925670027733
-0.09378433972597122
0.31742390990257263
-0.09378433972597122
0.23806792497634888
-0.09378433972597122
-0.09378433972597122
0.36070898175239563
0.3751373589038849
-0.09378433972597122
-0.05049925670027733
-0.07214179635047913
-0.09378433972597122
0.00721417972818017
-0.05049925670027733
-0.09378433972597122
-0.05049925670027733
0.19478285312652588
-0.05049925670027733
-0.00721417972818017
-0.09378433972597122
-0.05049925670027733
-0.05049925670027733
-0.09378433972597122
0.577134370803833
-0.05049925670027733
-0.05049925670027733
0.2885671854019165
-0.05049925670027733
-0.05049925670027733
-0.05049925670027733
-0.09378433972597122
-0.05049925670027733
-0.05049925670027733
-0.05049925670027733
0.5699201822280884
-0.09378433972597122
-0.05049925670027733
-0.09378433972597122
-0.05049925670027733
-0.09378433972597122
0.00721417972818017
0.490564227104187
0.6925612688064575
-0.05049925670027733
-0.05049925670027733
-0.05049925670027733
-0.09378433972597122
-0.05049925670027733
0.23085375130176544
0.6853470802307129
0.15871195495128632
-0.05049925670027733
-0.09378433972597122
-0.09378433972597122
0.353494793176651
-0.09378433972597122
-0.05049925670027733
0.14428359270095825
0.17314031720161438
-0.05049925670027733
-0.05049925670027733
-0.09378433972597122
0.663704514503479
-0.09378433972597122
-0.09378433972597122
-0.09378433972597122
-0.05049925670027733
-0.05049925670027733
0.30299556255340576
-0.05049925670027733
0.10099851340055466
-0.09378433972597122
0.2885671854019165
0.5843485593795776
-0.09378433972597122
0.5554918646812439
-0.05049925670027733
-0.05049925670027733
0.223639577627182
-0.09378433972597122
-0.05049925670027733
0.18035449087619781
-0.05049925670027733
0.29578137397766113
0.38235151767730713
0.17314031720161438
-0.05049925670027733
0.20921121537685394
0.4400649666786194
0.12264105677604675
-0.09378433972597122
0.3318522572517395
-0.09378433972597122
-0.09378433972597122
-0.05049925670027733
-0.09378433972597122
0.6420620083808899
-0.09378433972597122
-0.09378433972597122
-0.05049925670027733
-0.05049925670027733
-0.09378433972597122
-0.05049925670027733
0.5987769365310669
-0.05049925670027733
-0.09378433972597122
-0.05049925670027733
-0.09378433972597122
-0.09378433972597122
-0.08657015860080719
-0.05049925670027733
-0.09378433972597122
0.223639577627182
0.353494793176651
0.07935597747564316
-0.05049925670027733
-0.09378433972597122
-0.05049925670027733
-0.043285079300403595
-0.09378433972597122
-0.05049925670027733
0.310209721326828
-0.09378433972597122
-0.05049925670027733
-0.05049925670027733
-0.05049925670027733
0.11542687565088272
-0.09378433972597122
0.2597104609012604
-0.05049925670027733
-0.05049925670027733
0.5987769365310669
-0.05049925670027733
-0.08657015860080719
-0.09378433972597122
-0.09378433972597122
-0.09378433972597122
0.6925612688064575
-0.09378433972597122
0.36070898175239563
-0.09378433972597122
-0.09378433972597122
-0.05049925670027733
0.3751373589038849
-0.05049925670027733
0.29578137397766113
-0.05049925670027733
0.3318522572517395
0.20921121537685394
-0.09378433972597122
-0.09378433972597122
0.6132052540779114
-0.05049925670027733
-0.05049925670027733
-0.09378433972597122
-0.09378433972597122
-0.09378433972597122
-0.09378433972597122
-0.09378433972597122
-0.05049925670027733
0.05049925670027733
0.6853470802307129
0.41120824217796326
-0.05049925670027733
-0.0
-0.09378433972597122
-0.03607089817523956
0.23085375130176544
0.31742390990257263
0.31742390990257263
0.20921121537685394
0.3751373589038849
-0.05049925670027733
0.5410634875297546
-0.09378433972597122
-0.05049925670027733
-0.09378433972597122
-0.09378433972597122
-0.09378433972597122
0.53384929895401
0.2452821135520935
-0.05049925670027733
-0.05049925670027733
-0.07935597747564316
0.5194209218025208
-0.05049925670027733
-0.05049925670027733
-0.09378433972597122
0.5049926042556763
-0.09378433972597122
-0.09378433972597122
-0.09378433972597122
0.36792317032814026
-0.05049925670027733
-0.09378433972597122
-0.09378433972597122
-0.09378433972597122
-0.09378433972597122
-0.08657015860080719
-0.05049925670027733
-0.09378433972597122
-0.09378433972597122
0.5627059936523438
-0.05049925670027733
0.18756867945194244
-0.05049925670027733
-0.09378433972597122
0.620419442653656
-0.09378433972597122
-0.09378433972597122
-0.09378433972597122
-0.08657015860080719
0.447279155254364
0.20921121537685394
0.36070898175239563
0.6348478198051453
0.02885671891272068
0.6925612688064575
-0.05049925670027733
-0.05049925670027733
-0.09378433972597122
-0.05049925670027733
-0.05771343782544136
-0.05049925670027733
-0.09378433972597122
0.18035449087619781
0.25249630212783813
-0.05049925670027733
-0.05049925670027733
-0.05049925670027733
-0.09378433972597122
-0.09378433972597122
-0.05049925670027733
-0.09378433972597122
0.5482776761054993
-0.09378433972597122
-0.09378433972597122
-0.09378433972597122
0.18756867945194244
-0.09378433972597122
0.38956570625305176
-0.09378433972597122
-0.05049925670027733
-0.09378433972597122
0.6925612688064575
-0.09378433972597122
-0.05049925670027733
-0.05049925670027733
-0.0649276152253151
-0.09378433972597122
0.12264105677604675
-0.05049925670027733
-0.09378433972597122
-0.09378433972597122
0.21642538905143738
0.49777841567993164
-0.05049925670027733
-0.09378433972597122
-0.05049925670027733
0.15871195495128632
-0.05049925670027733
-0.05049925670027733
-0.043285079300403595
-0.05049925670027733
0.4400649666786194
-0.09378433972597122
-0.09378433972597122
0.3318522572517395
-0.05049925670027733
0.11542687565088272
-0.05049925670027733
0.27413883805274963
-0.07935597747564316
0.43285077810287476
-0.05049925670027733
-0.05049925670027733
0.2452821135520935
0.23806792497634888
0.38235151767730713
0.3751373589038849
-0.021642539650201797
0.38235151767730713
0.12264105677604675
0.3751373589038849
-0.13706941902637482
0.38235151767730713
0.05049925670027733
0.38235151767730713
0.18035449087619781
0.14428359270095825
-0.23085375130176544
0.38235151767730713
0.3751373589038849
-0.4400649666786194
0.223639577627182
0.3751373589038849
0.3751373589038849
-0.6059911251068115
-0.07214179635047913
-0.38956570625305176
0.3751373589038849
0.3751373589038849
-0.02885671891272068
0.38235151767730713
0.3751373589038849
0.38235151767730713
-0.5266351103782654
0.3751373589038849
0.19478285312652588
-0.09378433972597122
-0.27413883805274963
-0.09378433972597122
0.266924649477005
0.38235151767730713
-0.5987769365310669
0.3751373589038849
0.3751373589038849
0.38235151767730713
-0.266924649477005
0.00721417972818017
0.3751373589038849
0.14428359270095825
0.23085375130176544
0.18756867945194244
0.20921121537685394
-0.5482776761054993
0.043285079300403595
0.3751373589038849
0.38235151767730713
0.3751373589038849
-0.447279155254364
0.3751373589038849
0.3751373589038849
0.3751373589038849
0.38235151767730713
-0.38956570625305176
-0.353494793176651
-0.10099851340055466
0.3751373589038849
-0.14428359270095825
0.3751373589038849
0.38235151767730713
-0.5410634875297546
-0.17314031720161438
0.38235151767730713
-0.20199702680110931
0.3751373589038849
0.38235151767730713
-0.13706941902637482
-0.31742390990257263
0.3751373589038849
0.38235151767730713
0.05771343782544136
0.19478285312652588
-0.5122067332267761
0.3751373589038849
0.3751373589038849
-0.021642539650201797
0.38235151767730713
-0.18035449087619781
0.38235151767730713
0.3751373589038849
0.38235151767730713
-0.4833500385284424
-0.05771343782544136
-0.13706941902637482
0.3751373589038849
0.23806792497634888
-0.5987769365310669
-0.21642538905143738
-0.5987769365310669
0.38235151767730713
-0.36792317032814026
-0.4833500385284424
-0.18756867945194244
-0.4256365895271301
0.36070898175239563
0.32463809847831726
0.07935597747564316
-0.6059911251068115
0.38235151767730713
-0.223639577627182
0.38235151767730713
0.07935597747564316
0.3751373589038849
0.266924649477005
0.14428359270095825
-0.2885671854019165
0.3751373589038849
-0.00721417972818017
-0.12264105677604675
0.38235151767730713
0.38235151767730713
-0.23085375130176544
0.38235151767730713
0.38235151767730713
-0.5915627479553223
0.33906644582748413
0.3751373589038849
-0.00721417972818017
-0.5049926042556763
-0.266924649477005
-0.08657015860080719
0.36792317032814026
-0.5987769365310669
0.3751373589038849
0.223639577627182
-0.29578137397766113
-0.29578137397766113
-0.09378433972597122
0.38235151767730713
0.31742390990257263
0.310209721326828
-0.36070898175239563
0.18756867945194244
0.13706941902637482
0.3751373589038849
0.3751373589038849
0.16592612862586975
0.02885671891272068
0.3751373589038849
-0.19478285312652588
0.38235151767730713
-0.223639577627182
0.3751373589038849
0.01442835945636034
-0.07935597747564316
0.38235151767730713
0.2452821135520935
-0.38235151767730713
0.38235151767730713
-0.29578137397766113
-0.29578137397766113
0.3751373589038849
0.13706941902637482
0.20199702680110931
0.3751373589038849
-0.2813529968261719
0.38235151767730713
0.3751373589038849
-0.14428359270095825
0.3751373589038849
0.38235151767730713
-0.38235151767730713
-0.2813529968261719
0.38235151767730713
0.20921121537685394
-0.021642539650201797
0.3751373589038849
0.3751373589038849
0.3751373589038849
-0.3751373589038849
0.12264105677604675
-0.6059911251068115
0.38235151767730713
-0.3751373589038849
-0.5699201822280884
-0.15871195495128632
0.07935597747564316
-0.13706941902637482
0.11542687565088272
0.07935597747564316
-0.0649276152253151
0.353494793176651
0.021642539650201797
0.38235151767730713
0.353494793176651
-0.266924649477005
0.34628063440322876
0.38235151767730713
0.3751373589038849
0.38235151767730713
-0.20199702680110931
0.38235151767730713
0.32463809847831726
0.32463809847831726
0.223639577627182
-0.43285077810287476
-0.5482776761054993
0.38235151767730713
0.266924649477005
0.38235151767730713
0.3751373589038849
0.3751373589038849
-0.18756867945194244
-0.25249630212783813
0.20199702680110931
0.3751373589038849
0.3751373589038849
0.38235151767730713
0.3751373589038849
0.38235151767730713
0.310209721326828
-0.6059911251068115
-0.03607089817523956
0.3751373589038849
-0.3318522572517395
0.36070898175239563
0.3751373589038849
-0.29578137397766113
0.3751373589038849
0.3751373589038849
-0.53384929895401
-0.33906644582748413
0.38235151767730713
-0.4256365895271301
0.14428359270095825
-0.043285079300403595
-0.45449331402778625
-0.07935597747564316
-0.12264105677604675
-0.31742390990257263
0.2813529968261719
0.3751373589038849
-0.23806792497634888
0.3751373589038849
0.19478285312652588
-0.17314031720161438
0.3751373589038849
0.38235151767730713
-0.00721417972818017
-0.12264105677604675
-0.6059911251068115
0.2813529968261719
0.38235151767730713
-0.33906644582748413
-0.12264105677604675
-0.5410634875297546
0.3751373589038849
-0.5194209218025208
0.38235151767730713
0.21642538905143738
-0.5266351103782654
0.223639577627182
-0.3751373589038849
0.3751373589038849
0.01442835945636034
0.13706941902637482
0.38235151767730713
0.23806792497634888
-0.25249630212783813
-0.02885671891272068
0.15149778127670288
-0.5122067332267761
0.31742390990257263
-0.4256365895271301
0.3751373589038849
0.32463809847831726
0.2813529968261719
0.021642539650201797
-0.223639577627182
0.15149778127670288
0.3751373589038849
0.3751373589038849
0.3751373589038849
0.0649276152253151
-0.02885671891272068
-0.13706941902637482
-0.3751373589038849
-0.223639577627182
0.3751373589038849
0.38235151767730713
0.3751373589038849
0.1298552304506302
0.0649276152253151
-0.4184224307537079
0.38235151767730713
0.14428359270095825
-0.01442835945636034
0.3751373589038849
0.38235151767730713
0.05049925670027733
-0.5482776761054993
-0.4256365895271301
0.3751373589038849
0.00721417972818017
-0.00721417972818017
0.17314031720161438
-0.12264105677604675
0.3318522572517395
0.38235151767730713
-0.6059911251068115
0.3751373589038849
-0.32463809847831726
0.38235151767730713
0.3751373589038849
0.2813529968261719
0.38235151767730713
-0.07935597747564316
-0.15149778127670288
0.38235151767730713
-0.5049926042556763
-0.0649276152253151
0.38235151767730713
-0.18035449087619781
0.38235151767730713
0.3751373589038849
0.3751373589038849
-0.38956570625305176
0.38235151767730713
0.3751373589038849
0.3751373589038849
-0.33906644582748413
0.38235151767730713
0.32463809847831726
0.05049925670027733
-0.447279155254364
-0.17314031720161438
0.3751373589038849
-0.23085375130176544
-0.38235151767730713
-0.5482776761054993
-0.20921121537685394
-0.53384929895401
0.27413883805274963
0.38235151767730713
0.02885671891272068
-0.5410634875297546
-0.08657015860080719
-0.5266351103782654
0.07214179635047913
0.21642538905143738
0.10099851340055466
0.3318522572517395
0.3751373589038849
0.3751373589038849
0.3751373589038849
-0.3967798948287964
0.25249630212783813
-0.4184224307537079
0.38235151767730713
-0.29578137397766113
-0.18035449087619781
0.3751373589038849
-0.266924649477005
0.15149778127670288
0.32463809847831726
0.18756867945194244
0.38235151767730713
-0.20921121537685394
0.3751373589038849
-0.00721417972818017
-0.447279155254364
0.38235151767730713
-0.577134370803833
-0.53384929895401
-0.223639577627182
-0.5266351103782654
0.07935597747564316
0.38235151767730713
-0.4689216911792755
0.3751373589038849
-0.38956570625305176
-0.19478285312652588
-0.17314031720161438
0.3751373589038849
-0.6059911251068115
0.38235151767730713
-0.08657015860080719
0.3751373589038849
0.3751373589038849
-0.4833500385284424
0.17314031720161438
0.3751373589038849
-0.1298552304506302
-0.5194209218025208
-0.00721417972818017
-0.45449331402778625
-0.20199702680110931
0.043285079300403595
-0.13706941902637482
-0.03607089817523956
0.3751373589038849
0.3751373589038849
0.38235151767730713
-0.34628063440322876
0.3751373589038849
0.2597104609012604
0.3751373589038849
0.3751373589038849
0.3751373589038849
0.38235151767730713
0.38235151767730713
0.38235151767730713
0.05771343782544136
0.3751373589038849
-0.07935597747564316
0.03607089817523956
0.11542687565088272
-0.05049925670027733
-0.5699201822280884
0.38235151767730713
0.38235151767730713
-0.21642538905143738
-0.223639577627182
0.38235151767730713
0.38235151767730713
-0.4689216911792755
0.13706941902637482
-0.0649276152253151
0.3751373589038849
-0.16592612862586975
-0.07935597747564316
-0.4689216911792755
0.3751373589038849
0.12264105677604675
-0.13706941902637482
-0.53384929895401
0.36070898175239563
-0.2885671854019165
-0.6059911251068115
-0.266924649477005
0.12264105677604675
0.07214179635047913
0.38235151767730713
-0.14428359270095825
0.38235151767730713
0.21642538905143738
-0.32463809847831726
0.38235151767730713
-0.043285079300403595
0.33906644582748413
-0.4689216911792755
-0.6059911251068115
0.3751373589038849
0.3751373589038849
0.3751373589038849
0.3751373589038849
0.38235151767730713
0.38235151767730713
0.23806792497634888
-0.4689216911792755
-0.5627059936523438
0.20921121537685394
0.38235151767730713
-0.25249630212783813
0.21642538905143738
0.3751373589038849
0.38235151767730713
-0.15149778127670288
0.38235151767730713
0.043285079300403595
-0.27413883805274963
-0.05049925670027733
-0.4400649666786194
-0.41120824217796326
0.38235151767730713
-0.021642539650201797
0.23085375130176544
0.3318522572517395
0.3751373589038849
0.00721417972818017
0.3751373589038849
0.10821269452571869
0.310209721326828
-0.4184224307537079
0.38235151767730713
-0.21642538905143738
-0.1298552304506302
0.31742390990257263
-0.6059911251068115
-0.27413883805274963
0.38235151767730713
-0.15871195495128632
-0.47613584995269775
-0.4833500385284424
0.3751373589038849
0.38235151767730713
0.10099851340055466
0.15149778127670288
0.05771343782544136
0.3751373589038849
-0.3318522572517395
0.0
-0.5699201822280884
-0.23085375130176544
0.3751373589038849
-0.5049926042556763
-0.5266351103782654
0.3751373589038849
0.25249630212783813
0.3751373589038849
0.0649276152253151
0.3751373589038849
0.38235151767730713
0.3751373589038849
-0.4689216911792755
0.13706941902637482
0.16592612862586975
0.10821269452571869
0.20199702680110931
0.18035449087619781
0.1298552304506302
0.18035449087619781
0.16592612862586975
0.16592612862586975
0.16592612862586975
0.12264105677604675
0.16592612862586975
0.20199702680110931
0.16592612862586975
0.1298552304506302
0.1298552304506302
0.13706941902637482
0.1298552304506302
0.11542687565088272
0.1298552304506302
0.18756867945194244
0.17314031720161438
0.1298552304506302
0.12264105677604675
0.18756867945194244
0.16592612862586975
0.1298552304506302
0.1298552304506302
0.16592612862586975
0.20921121537685394
0.18756867945194244
0.1298552304506302
0.1298552304506302
-0.07214179635047913
0.10821269452571869
0.1298552304506302
0.16592612862586975
0.32463809847831726
0.18756867945194244
0.20921121537685394
0.18756867945194244
0.1298552304506302
0.20921121537685394
0.2597104609012604
0.1298552304506302
0.13706941902637482
0.15871195495128632
0.1298552304506302
0.00721417972818017
0.1298552304506302
0.20921121537685394
0.16592612862586975
0.16592612862586975
0.1298552304506302
0.12264105677604675
0.11542687565088272
0.19478285312652588
0.27413883805274963
0.20199702680110931
0.20921121537685394
0.1298552304506302
0.20199702680110931
0.1298552304506302
0.1298552304506302
0.20921121537685394
0.2452821135520935
0.16592612862586975
0.20199702680110931
0.20921121537685394
0.20199702680110931
0.16592612862586975
0.16592612862586975
0.1298552304506302
0.20199702680110931
0.16592612862586975
0.16592612862586975
0.1298552304506302
0.20199702680110931
0.18756867945194244
0.2452821135520935
0.1298552304506302
0.16592612862586975
0.16592612862586975
0.1298552304506302
0.10821269452571869
0.20921121537685394
0.20921121537685394
0.18756867945194244
0.15149778127670288
0.20921121537685394
0.20921121537685394
0.20921121537685394
0.16592612862586975
0.1298552304506302
0.13706941902637482
0.16592612862586975
0.07935597747564316
0.20921121537685394
0.16592612862586975
0.16592612862586975
0.1298552304506302
0.05771343782544136
0.10821269452571869
0.20199702680110931
0.18756867945194244
0.20921121537685394
0.1298552304506302
0.1298552304506302
0.16592612862586975
0.1298552304506302
0.20921121537685394
0.1298552304506302
0.1298552304506302
0.20921121537685394
0.20921121537685394
0.16592612862586975
0.16592612862586975
0.20921121537685394
0.1298552304506302
0.20199702680110931
0.1298552304506302
0.1298552304506302
0.10099851340055466
0.1298552304506302
0.20921121537685394
0.16592612862586975
0.11542687565088272
0.1298552304506302
0.1298552304506302
0.18756867945194244
0.1298552304506302
0.1298552304506302
0.16592612862586975
0.1298552304506302
0.20921121537685394
0.18035449087619781
0.1298552304506302
0.1298552304506302
0.20921121537685394
0.1298552304506302
0.1298552304506302
0.1298552304506302
0.1298552304506302
0.1298552304506302
0.16592612862586975
0.16592612862586975
0.18756867945194244
0.16592612862586975
0.1298552304506302
0.16592612862586975
0.16592612862586975
0.13706941902637482
0.20921121537685394
0.15149778127670288
0.16592612862586975
0.1298552304506302
0.16592612862586975
0.18756867945194244
0.1298552304506302
0.12264105677604675
0.1298552304506302
0.16592612862586975
0.16592612862586975
0.1298552304506302
0.16592612862586975
0.16592612862586975
0.16592612862586975
0.1298552304506302
0.1298552304506302
0.1298552304506302
0.20921121537685394
0.11542687565088272
0.16592612862586975
0.1298552304506302
0.10821269452571869
0.2597104609012604
0.16592612862586975
0.1298552304506302
0.1298552304506302
0.20921121537685394
0.18756867945194244
0.19478285312652588
-0.00721417972818017
0.20199702680110931
0.1298552304506302
0.16592612862586975
0.1298552304506302
0.1298552304506302
0.1298552304506302
0.11542687565088272
0.1298552304506302
0.16592612862586975
0.20921121537685394
0.14428359270095825
0.16592612862586975
0.15871195495128632
0.16592612862586975
0.11542687565088272
0.20199702680110931
0.20199702680110931
0.1298552304506302
0.16592612862586975
0.11542687565088272
0.16592612862586975
0.16592612862586975
0.1298552304506302
0.20921121537685394
0.1298552304506302
0.18035449087619781
0.12264105677604675
0.1298552304506302
0.20921121537685394
0.16592612862586975
0.1298552304506302
0.11542687565088272
0.16592612862586975
0.16592612862586975
0.16592612862586975
0.11542687565088272
0.1298552304506302
0.1298552304506302
0.16592612862586975
0.11542687565088272
0.1298552304506302
0.1298552304506302
0.18756867945194244
0.18756867945194244
0.20921121537685394
0.20199702680110931
0.16592612862586975
0.12264105677604675
0.1298552304506302
0.19478285312652588
0.11542687565088272
0.20921121537685394
0.16592612862586975
0.20921121537685394
0.1298552304506302
0.20921121537685394
0.12264105677604675
0.20921121537685394
0.1298552304506302
0.20921121537685394
0.1298552304506302
0.16592612862586975
0.1298552304506302
0.1298552304506302
0.16592612862586975
0.1298552304506302
0.18756867945194244
0.20199702680110931
0.20921121537685394
0.20921121537685394
0.16592612862586975
0.20921121537685394
0.1298552304506302
0.1298552304506302
0.16592612862586975
0.1298552304506302
0.05049925670027733
0.1298552304506302
0.16592612862586975
0.11542687565088272
0.16592612862586975
0.16592612862586975
0.1298552304506302
0.20199702680110931
0.16592612862586975
0.20921121537685394
0.1298552304506302
0.20199702680110931
0.13706941902637482
0.20921121537685394
0.16592612862586975
0.1298552304506302
0.14428359270095825
0.17314031720161438
0.11542687565088272
0.1298552304506302
0.14428359270095825
0.18756867945194244
0.16592612862586975
0.16592612862586975
0.1298552304506302
0.1298552304506302
0.16592612862586975
0.20199702680110931
0.1298552304506302
0.1298552304506302
0.16592612862586975
0.1298552304506302
0.15871195495128632
0.19478285312652588
0.20921121537685394
0.16592612862586975
0.20921121537685394
0.13706941902637482
0.17314031720161438
0.1298552304506302
0.20199702680110931
0.1298552304506302
0.17314031720161438
0.1298552304506302
0.18035449087619781
0.1298552304506302
0.1298552304506302
0.20921121537685394
0.1298552304506302
0.16592612862586975
0.1298552304506302
0.13706941902637482
0.16592612862586975
0.18035449087619781
0.16592612862586975
0.15871195495128632
0.20199702680110931
0.11542687565088272
0.1298552304506302
0.11542687565088272
0.30299556255340576
0.18756867945194244
0.19478285312652588
0.1298552304506302
0.16592612862586975
0.18756867945194244
0.20921121537685394
0.18756867945194244
0.20199702680110931
0.20921121537685394
0.1298552304506302
-0.021642539650201797
0.16592612862586975
0.16592612862586975
0.12264105677604675
0.33906644582748413
0.1298552304506302
0.1298552304506302
0.16592612862586975
-0.01442835945636034
0.1298552304506302
0.1298552304506302
0.1298552304506302
0.16592612862586975
0.1298552304506302
0.16592612862586975
0.1298552304506302
0.15871195495128632
0.1298552304506302
0.20921121537685394
0.16592612862586975
0.20921121537685394
0.14428359270095825
0.1298552304506302
0.20199702680110931
0.03607089817523956
0.1298552304506302
0.16592612862586975
0.17314031720161438
0.11542687565088272
0.14428359270095825
0.1298552304506302
0.20921121537685394
0.15871195495128632
0.19478285312652588
0.1298552304506302
0.1298552304506302
0.1298552304506302
0.16592612862586975
0.1298552304506302
0.18756867945194244
0.19478285312652588
0.1298552304506302
0.16592612862586975
0.1298552304506302
0.20199702680110931
0.1298552304506302
0.1298552304506302
0.16592612862586975
0.16592612862586975
0.36792317032814026
0.20921121537685394
0.1298552304506302
0.1298552304506302
0.18035449087619781
0.1298552304506302
0.19478285312652588
0.16592612862586975
0.16592612862586975
0.20921121537685394
0.16592612862586975
0.18756867945194244
0.15871195495128632
0.1298552304506302
0.1298552304506302
0.16592612862586975
0.17314031720161438
0.18756867945194244
0.16592612862586975
0.18035449087619781
0.18756867945194244
0.07214179635047913
0.1298552304506302
0.1298552304506302
0.16592612862586975
0.18756867945194244
0.18756867945194244
0.13706941902637482
0.20921121537685394
0.1298552304506302
0.1298552304506302
0.1298552304506302
0.19478285312652588
0.1298552304506302
0.13706941902637482
0.1298552304506302
0.16592612862586975
0.12264105677604675
0.1298552304506302
0.14428359270095825
0.20921121537685394
0.353494793176651
0.20921121537685394
0.16592612862586975
0.11542687565088272
0.11542687565088272
0.20921121537685394
0.20199702680110931
0.1298552304506302
0.20921121537685394
0.1298552304506302
0.16592612862586975
0.20921121537685394
0.18756867945194244
0.16592612862586975
0.1298552304506302
0.20199702680110931
0.16592612862586975
0.1298552304506302
0.15149778127670288
0.1298552304506302
0.16592612862586975
0.16592612862586975
0.1298552304506302
0.11542687565088272
0.1298552304506302
0.20199702680110931
0.1298552304506302
0.1298552304506302
0.20199702680110931
0.18756867945194244
0.16592612862586975
-0.021642539650201797
0.1298552304506302
0.1298552304506302
0.14428359270095825
0.16592612862586975
0.20199702680110931
0.1298552304506302
0.19478285312652588
0.20921121537685394
0.16592612862586975
0.18035449087619781
0.20199702680110931
0.16592612862586975
0.17314031720161438
0.16592612862586975
0.18756867945194244
0.11542687565088272
0.1298552304506302
0.17314031720161438
0.11542687565088272
0.18756867945194244
0.1298552304506302
0.15871195495128632
0.16592612862586975
0.27413883805274963
0.1298552304506302
0.1298552304506302
0.20921121537685394
0.17314031720161438
0.19478285312652588
0.18756867945194244
0.1298552304506302
0.23806792497634888
0.18035449087619781
0.16592612862586975
0.1298552304506302
0.18035449087619781
0.20921121537685394
0.19478285312652588
0.20921121537685394
0.20921121537685394
0.15871195495128632
0.1298552304506302
0.16592612862586975
0.20921121537685394
0.1298552304506302
0.18756867945194244
0.1298552304506302
0.20199702680110931
0.18756867945194244
0.19478285312652588
0.16592612862586975
0.16592612862586975
0.18035449087619781
0.17314031720161438
0.12264105677604675
0.1298552304506302
0.1298552304506302
0.16592612862586975
0.19478285312652588
0.16592612862586975
0.18035449087619781
0.223639577627182
-0.5987769365310669
0.17314031720161438
-0.490564227104187
-0.14428359270095825
-0.5699201822280884
0.11542687565088272
-0.20199702680110931
0.310209721326828
-0.5915627479553223
-0.36070898175239563
-0.34628063440322876
0.021642539650201797
-0.6276336312294006
-0.23806792497634888
-0.5987769365310669
-0.53384929895401
-0.3318522572517395
0.41120824217796326
-0.663704514503479
-0.5194209218025208
0.07935597747564316
-0.4689216911792755
0.266924649477005
-0.47613584995269775
0.5554918646812439
0.266924649477005
-0.14428359270095825
-0.11542687565088272
0.05049925670027733
-0.05049925670027733
-0.07214179635047913
-0.9234150052070618
0.15871195495128632
0.4400649666786194
0.09378433972597122
-0.894558310508728
0.38235151767730713
-0.15871195495128632
0.20199702680110931
0.20921121537685394
-0.20921121537685394
-0.894558310508728
0.2452821135520935
-0.6997754573822021
-0.706989586353302
0.38956570625305176
-0.894558310508728
0.01442835945636034
-0.18035449087619781
-0.20199702680110931
-0.620419442653656
-0.03607089817523956
-0.6853470802307129
0.07214179635047913
-0.45449331402778625
-0.9234150052070618
0.2597104609012604
-0.223639577627182
0.4400649666786194
-0.2885671854019165
-0.577134370803833
-0.16592612862586975
0.12264105677604675
-0.894558310508728
-0.08657015860080719
-0.353494793176651
0.0649276152253151
0.23806792497634888
-0.36070898175239563
-0.08657015860080719
0.38235151767730713
-0.894558310508728
-0.34628063440322876
-0.10821269452571869
-0.27413883805274963
0.23806792497634888
-0.5122067332267761
-0.894558310508728
-0.5987769365310669
0.5122067332267761
-0.16592612862586975
0.15871195495128632
-0.894558310508728
0.05771343782544136
-0.27413883805274963
-0.4833500385284424
0.5627059936523438
-0.03607089817523956
0.03607089817523956
-0.2452821135520935
0.4689216911792755
-0.577134370803833
-0.6997754573822021
-0.5843485593795776
-0.894558310508728
0.07214179635047913
0.36792317032814026
-0.4184224307537079
-0.6492761969566345
-0.9234150052070618
0.05049925670027733
-0.34628063440322876
0.38235151767730713
0.03607089817523956
0.01442835945636034
-0.5915627479553223
0.01442835945636034
-0.43285077810287476
0.11542687565088272
-0.6853470802307129
0.5266351103782654
-0.10099851340055466
0.0649276152253151
-0.49777841567993164
-0.1298552304506302
-0.19478285312652588
0.29578137397766113
-0.310209721326828
0.20921121537685394
0.5627059936523438
-0.894558310508728
-0.29578137397766113
0.12264105677604675
0.03607089817523956
-0.18035449087619781
0.19478285312652588
0.41120824217796326
-0.6709187030792236
-0.6420620083808899
0.47613584995269775
0.266924649477005
-0.310209721326828
0.00721417972818017
0.47613584995269775
0.3967798948287964
-0.09378433972597122
-0.223639577627182
0.40399405360221863
-0.5699201822280884
-0.18035449087619781
0.18756867945194244
-0.15149778127670288
-0.02885671891272068
-0.6781328916549683
-0.2452821135520935
0.03607089817523956
-0.0649276152253151
-0.43285077810287476
0.30299556255340576
0.5627059936523438
-0.15871195495128632
-0.6997754573822021
0.4617075026035309
-0.36792317032814026
-0.6492761969566345
-0.9234150052070618
0.36070898175239563
-0.10821269452571869
0.18035449087619781
0.14428359270095825
-0.23085375130176544
0.32463809847831726
0.20199702680110931
-0.6997754573822021
-0.3751373589038849
-0.5266351103782654
-0.18035449087619781
0.34628063440322876
-0.10099851340055466
0.13706941902637482
0.043285079300403595
-0.30299556255340576
0.5627059936523438
-0.9234150052070618
0.19478285312652588
-0.05049925670027733
-0.12264105677604675
0.021642539650201797
-0.53384929895401
0.3318522572517395
-0.9234150052070618
-0.40399405360221863
-0.14428359270095825
-0.6853470802307129
-0.07214179635047913
0.47613584995269775
-0.447279155254364
0.4833500385284424
0.18756867945194244
0.15871195495128632
-0.05771343782544136
-0.8007739782333374
-0.353494793176651
-0.23806792497634888
-0.09378433972597122
-0.23806792497634888
0.18035449087619781
-0.38956570625305176
0.10099851340055466
-0.13706941902637482
0.31742390990257263
0.00721417972818017
-0.6925612688064575
0.4400649666786194
0.13706941902637482
-0.01442835945636034
0.10821269452571869
0.40399405360221863
0.13706941902637482
-0.21642538905143738
-0.23085375130176544
-0.5915627479553223
-0.6420620083808899
-0.5987769365310669
-0.6348478198051453
-0.16592612862586975
-0.01442835945636034
-0.2885671854019165
-0.353494793176651
-0.4617075026035309
-0.9234150052070618
-0.34628063440322876
-0.32463809847831726
0.5554918646812439
-0.36792317032814026
-0.0649276152253151
0.19478285312652588
-0.09378433972597122
-0.310209721326828
0.20921121537685394
-0.447279155254364
0.3751373589038849
0.1298552304506302
-0.447279155254364
-0.12264105677604675
-0.40399405360221863
-0.20199702680110931
-0.07935597747564316
-0.09378433972597122
0.21642538905143738
-0.00721417972818017
0.447279155254364
0.05771343782544136
-0.6709187030792236
0.47613584995269775
0.12264105677604675
0.10099851340055466
-0.5554918646812439
0.223639577627182
-0.14428359270095825
-0.266924649477005
0.021642539650201797
-0.00721417972818017
-0.49777841567993164
0.3967798948287964
0.2813529968261719
0.1298552304506302
-0.9234150052070618
-0.20199702680110931
0.03607089817523956
-0.5843485593795776
0.4184224307537079
0.3318522572517395
-0.4256365895271301
0.2597104609012604
-0.2597104609012604
0.09378433972597122
-0.18035449087619781
0.23806792497634888
-0.4617075026035309
0.12264105677604675
-0.36070898175239563
-0.47613584995269775
0.5627059936523438
0.223639577627182
-0.05049925670027733
0.5482776761054993
0.5627059936523438
-0.6132052540779114
-0.41120824217796326
-0.36070898175239563
0.43285077810287476
0.3318522572517395
0.4689216911792755
-0.29578137397766113
0.21642538905143738
-0.2885671854019165
-0.38235151767730713
-0.27413883805274963
-0.9234150052070618
0.33906644582748413
0.0
0.5627059936523438
-0.12264105677604675
-0.9234150052070618
-0.5843485593795776
0.5482776761054993
-0.34628063440322876
-0.17314031720161438
0.10821269452571869
-0.5482776761054993
-0.490564227104187
0.2597104609012604
-0.34628063440322876
-0.01442835945636034
-0.043285079300403595
-0.2597104609012604
0.03607089817523956
-0.6059911251068115
-0.2885671854019165
0.43285077810287476
0.3318522572517395
-0.8512731790542603
-0.29578137397766113
0.5122067332267761
-0.5699201822280884
-0.490564227104187
-0.9162008166313171
-0.23085375130176544
-0.4617075026035309
0.021642539650201797
0.09378433972597122
0.3751373589038849
0.1298552304506302
-0.5194209218025208
-0.3318522572517395
-0.19478285312652588
-0.18035449087619781
-0.9234150052070618
-0.4689216911792755
-0.021642539650201797
0.12264105677604675
-0.894558310508728
0.10099851340055466
-0.40399405360221863
-0.15871195495128632
-0.9234150052070618
0.2885671854019165
-0.32463809847831726
-0.447279155254364
0.4617075026035309
0.5266351103782654
-0.5410634875297546
0.01442835945636034
-0.894558310508728
-0.41120824217796326
-0.21642538905143738
0.13706941902637482
-0.9234150052070618
-0.6997754573822021
-0.6492761969566345
0.266924649477005
-0.894558310508728
-0.663704514503479
0.223639577627182
0.5266351103782654
-0.17314031720161438
-0.9234150052070618
0.31742390990257263
0.05049925670027733
0.5627059936523438
-0.9234150052070618
-0.53384929895401
0.5554918646812439
-0.17314031720161438
0.4256365895271301
-0.223639577627182
0.31742390990257263
-0.41120824217796326
-0.40399405360221863
0.19478285312652588
0.2597104609012604
0.18756867945194244
0.08657015860080719
0.27413883805274963
0.5194209218025208
0.11542687565088272
-0.9234150052070618
0.07935597747564316
-0.490564227104187
0.03607089817523956
0.12264105677604675
0.021642539650201797
-0.40399405360221863
0.5266351103782654
-0.23085375130176544
-0.0649276152253151
0.38235151767730713
-0.53384929895401
-0.7791314125061035
0.223639577627182
-0.07935597747564316
-0.53384929895401
0.5049926042556763
-0.08657015860080719
-0.10099851340055466
0.4833500385284424
-0.5410634875297546
-0.9234150052070618
-0.663704514503479
0.23806792497634888
-0.07214179635047913
-0.0649276152253151
0.40399405360221863
0.5627059936523438
-0.07214179635047913
0.353494793176651
-0.45449331402778625
0.3318522572517395
0.3318522572517395
0.31742390990257263
0.34628063440322876
-0.15149778127670288
-0.18035449087619781
0.5482776761054993
-0.5699201822280884
-0.6997754573822021
-0.266924649477005
-0.9234150052070618
-0.2813529968261719
-0.01442835945636034
0.2813529968261719
-0.23806792497634888
-0.18756867945194244
-0.38235151767730713
0.40399405360221863
-0.894558310508728
0.03607089817523956
0.20199702680110931
-0.07935597747564316
0.5049926042556763
-0.4400649666786194
0.12264105677604675
0.23806792497634888
-0.32463809847831726
0.447279155254364
-0.10099851340055466
0.0
0.4689216911792755
-0.5554918646812439
-0.5554918646812439
-0.15149778127670288
0.31742390990257263
0.266924649477005
-0.2597104609012604
-0.36070898175239563
-0.353494793176651
-0.490564227104187
-0.2597104609012604
-0.894558310508728
-0.266924649477005
-0.663704514503479
-0.9234150052070618
0.223639577627182
0.2597104609012604
-0.6059911251068115
0.29578137397766113
0.1298552304506302
0.310209721326828
0.490564227104187
0.17314031720161438
-0.223639577627182
-0.6276336312294006
-0.38235151767730713
-0.34628063440322876
0.25249630212783813
-0.5049926042556763
-0.6709187030792236
-0.5049926042556763
0.19478285312652588
-0.6420620083808899
-0.6997754573822021
-0.14428359270095825
-0.894558310508728
-0.49777841567993164
-0.353494793176651
-0.18756867945194244
0.36792317032814026
-0.41120824217796326
0.05049925670027733
0.00721417972818017
-0.894558310508728
0.4617075026035309
0.38235151767730713
0.01442835945636034
-0.20921121537685394
-0.14428359270095825
-0.4617075026035309
0.0
-0.021642539650201797
-0.8079881072044373
0.16592612862586975
0.36070898175239563
-0.02885671891272068
-0.02885671891272068
0.3967798948287964
0.53384929895401
-0.30299556255340576
0.4256365895271301
-0.45449331402778625
-0.07214179635047913
-0.43285077810287476
-0.07935597747564316
0.08657015860080719
0.5482776761054993
-0.6348478198051453
-0.32463809847831726
-0.20921121537685394
0.2813529968261719
0.4617075026035309
-0.577134370803833
0.19478285312652588
0.6059911251068115
0.10821269452571869
0.6492761969566345
0.4689216911792755
0.4833500385284424
0.20921121537685394
0.5122067332267761
0.21642538905143738
-0.32463809847831726
-0.021642539650201797
0.05771343782544136
0.10099851340055466
0.043285079300403595
-0.13706941902637482
0.663704514503479
0.2597104609012604
-0.38235151767730713
0.25249630212783813
0.5987769365310669
-0.30299556255340576
-0.20199702680110931
-0.31742390990257263
0.5987769365310669
-0.23085375130176544
0.53384929895401
0.353494793176651
-0.08657015860080719
0.310209721326828
0.6132052540779114
-0.18035449087619781
-0.07935597747564316
0.10099851340055466
0.6132052540779114
0.02885671891272068
-0.0649276152253151
0.1298552304506302
0.2885671854019165
0.3751373589038849
0.577134370803833
0.40399405360221863
0.40399405360221863
0.21642538905143738
-0.18035449087619781
0.4689216911792755
0.1298552304506302
0.32463809847831726
0.23806792497634888
-0.09378433972597122
-0.18035449087619781
0.34628063440322876
0.08657015860080719
-0.2452821135520935
0.5699201822280884
0.6420620083808899
0.4689216911792755
0.15871195495128632
-0.2885671854019165
-0.02885671891272068
-0.08657015860080719
0.16592612862586975
-0.2813529968261719
0.13706941902637482
0.4617075026035309
0.266924649477005
0.0649276152253151
0.4400649666786194
0.10821269452571869
0.4617075026035309
-0.27413883805274963
-0.021642539650201797
0.5554918646812439
0.18035449087619781
-0.17314031720161438
-0.4400649666786194
-0.29578137397766113
0.05049925670027733
0.00721417972818017
0.01442835945636034
-0.20921121537685394
-0.4400649666786194
0.05771343782544136
-0.266924649477005
0.2452821135520935
0.17314031720161438
-0.05771343782544136
-0.34628063440322876
-0.266924649477005
0.49777841567993164
-0.18756867945194244
0.27413883805274963
0.21642538905143738
-0.09378433972597122
-0.07214179635047913
0.2885671854019165
0.18035449087619781
0.3318522572517395
0.01442835945636034
-0.29578137397766113
0.4184224307537079
0.266924649477005
0.6132052540779114
-0.19478285312652588
-0.09378433972597122
0.53384929895401
0.4617075026035309
0.5194209218025208
0.41120824217796326
0.223639577627182
-0.29578137397766113
0.2885671854019165
-0.14428359270095825
0.10099851340055466
0.02885671891272068
0.32463809847831726
-0.15149778127670288
0.02885671891272068
-0.25249630212783813
0.2597104609012604
0.30299556255340576
-0.07935597747564316
0.05771343782544136
0.32463809847831726
0.21642538905143738
-0.21642538905143738
-0.38956570625305176
0.5482776761054993
0.49777841567993164
-0.40399405360221863
0.34628063440322876
0.38956570625305176
-0.4400649666786194
0.17314031720161438
-0.15149778127670288
0.577134370803833
0.07214179635047913
-0.01442835945636034
-0.08657015860080719
0.14428359270095825
-0.01442835945636034
0.31742390990257263
0.49777841567993164
-0.1298552304506302
0.20199702680110931
-0.2885671854019165
-0.34628063440322876
0.5122067332267761
0.223639577627182
0.05771343782544136
0.29578137397766113
0.14428359270095825
0.4256365895271301
0.01442835945636034
-0.09378433972597122
0.00721417972818017
-0.10821269452571869
0.27413883805274963
-0.0649276152253151
-0.32463809847831726
0.43285077810287476
-0.1298552304506302
0.4256365895271301
0.2597104609012604
0.03607089817523956
0.20921121537685394
0.663704514503479
0.18756867945194244
0.00721417972818017
-0.29578137397766113
0.21642538905143738
-0.38956570625305176
0.17314031720161438
-0.0649276152253151
0.6059911251068115
0.10099851340055466
0.29578137397766113
0.5049926042556763
0.5266351103782654
0.4256365895271301
0.1298552304506302
0.43285077810287476
0.19478285312652588
0.5410634875297546
0.38956570625305176
0.663704514503479
0.36792317032814026
0.16592612862586975
0.10099851340055466
0.5915627479553223
0.07214179635047913
-0.021642539650201797
0.14428359270095825
0.18035449087619781
0.10099851340055466
0.663704514503479
0.4400649666786194
-0.353494793176651
0.23085375130176544
0.20199702680110931
0.3318522572517395
0.32463809847831726
0.6348478198051453
-0.03607089817523956
0.36070898175239563
-0.23806792497634888
0.38235151767730713
0.15149778127670288
0.6492761969566345
0.6492761969566345
-0.043285079300403595
0.21642538905143738
0.38235151767730713
0.20199702680110931
-0.3967798948287964
-0.20921121537685394
0.1298552304506302
-0.05771343782544136
-0.353494793176651
-0.25249630212783813
0.38956570625305176
0.41120824217796326
0.00721417972818017
0.5554918646812439
0.08657015860080719
0.6276336312294006
-0.36792317032814026
-0.17314031720161438
0.16592612862586975
0.29578137397766113
0.6420620083808899
0.266924649477005
0.3751373589038849
-0.38235151767730713
-0.10099851340055466
-0.10099851340055466
-0.2452821135520935
0.33906644582748413
-0.14428359270095825
0.5699201822280884
0.5194209218025208
0.01442835945636034
0.00721417972818017
-0.043285079300403595
-0.1298552304506302
0.17314031720161438
0.30299556255340576
0.1298552304506302
0.47613584995269775
0.620419442653656
-0.01442835945636034
0.5266351103782654
0.4833500385284424
0.30299556255340576
-0.0649276152253151
0.15149778127670288
0.20921121537685394
0.043285079300403595
-0.12264105677604675
0.02885671891272068
0.07935597747564316
0.0649276152253151
-0.38956570625305176
0.10821269452571869
0.36070898175239563
-0.07214179635047913
0.266924649477005
-0.4400649666786194
-0.23806792497634888
-0.21642538905143738
-0.20199702680110931
0.663704514503479
0.2885671854019165
0.490564227104187
0.36792317032814026
0.18756867945194244
0.6564903259277344
0.6276336312294006
0.08657015860080719
-0.3318522572517395
-0.34628063440322876
0.447279155254364
0.3967798948287964
0.4400649666786194
0.447279155254364
0.0649276152253151
0.310209721326828
0.19478285312652588
0.40399405360221863
-0.4400649666786194
0.4833500385284424
0.09378433972597122
-0.11542687565088272
0.0649276152253151
0.353494793176651
-0.07214179635047913
-0.0649276152253151
0.5554918646812439
0.25249630212783813
-0.1298552304506302
0.18035449087619781
-0.4256365895271301
0.43285077810287476
0.5699201822280884
0.4689216911792755
-0.10821269452571869
-0.27413883805274963
0.4256365895271301
-0.09378433972597122
0.2452821135520935
-0.4400649666786194
0.13706941902637482
-0.2597104609012604
-0.043285079300403595
0.10099851340055466
0.36070898175239563
-0.38235151767730713
-0.18035449087619781
-0.3967798948287964
-0.021642539650201797
0.577134370803833
0.20199702680110931
0.5554918646812439
0.32463809847831726
0.620419442653656
0.0649276152253151
0.09378433972597122
0.11542687565088272
0.07214179635047913
-0.05049925670027733
0.05049925670027733
0.25249630212783813
0.25249630212783813
-0.32463809847831726
0.20199702680110931
0.223639577627182
-0.17314031720161438
-0.23085375130176544
0.09378433972597122
0.10821269452571869
-0.16592612862586975
-0.11542687565088272
-0.13706941902637482
0.5049926042556763
-0.05049925670027733
-0.43285077810287476
0.21642538905143738
0.4617075026035309
0.17314031720161438
0.41120824217796326
0.1298552304506302
-0.33906644582748413
-0.14428359270095825
0.5410634875297546
-0.02885671891272068
0.25249630212783813
0.1298552304506302
0.01442835945636034
0.5915627479553223
0.27413883805274963
-0.19478285312652588
0.2452821135520935
0.31742390990257263
-0.01442835945636034
0.5194209218025208
0.4617075026035309
-0.27413883805274963
-0.4400649666786194
0.266924649477005
-0.33906644582748413
-0.17314031720161438
0.16592612862586975
-0.18756867945194244
0.02885671891272068
-0.223639577627182
0.05771343782544136
0.16592612862586975
0.53384929895401
0.3751373589038849
0.08657015860080719
-0.03607089817523956
0.4400649666786194
-0.021642539650201797
-0.32463809847831726
-0.2813529968261719
-0.2452821135520935
-0.03607089817523956
0.10099851340055466
0.40399405360221863
0.40399405360221863
0.2452821135520935
0.14428359270095825
-0.08657015860080719
0.19478285312652588
-0.15149778127670288
0.4256365895271301
-0.3751373589038849
0.12264105677604675
0.47613584995269775
0.043285079300403595
0.10099851340055466
0.6564903259277344
-0.266924649477005
-0.20921121537685394
0.5843485593795776
-0.38235151767730713
-0.20921121537685394
0.27413883805274963
-0.12264105677604675
0.5410634875297546
0.38956570625305176
-0.21642538905143738
0.5194209218025208
0.663704514503479
0.23806792497634888
0.25249630212783813
-0.4184224307537079
0.08657015860080719
-0.23085375130176544
0.00721417972818017
0.03607089817523956
-0.13706941902637482
0.01442835945636034
0.5843485593795776
0.577134370803833
-0.2885671854019165
0.31742390990257263
-0.17314031720161438
0.07935597747564316
0.13706941902637482
0.4833500385284424
0.02885671891272068
-0.36792317032814026
-0.20199702680110931
0.15871195495128632
-0.05771343782544136
0.19478285312652588
-0.29578137397766113
0.663704514503479
0.30299556255340576
-0.19478285312652588
0.36792317032814026
0.16592612862586975
0.6420620083808899
-0.03607089817523956
0.40399405360221863
-0.00721417972818017
0.4184224307537079
0.34628063440322876
-0.40399405360221863
0.03607089817523956
0.15149778127670288
0.5049926042556763
0.53384929895401
0.15871195495128632
-0.10099851340055466
0.33906644582748413
0.30299556255340576
0.14428359270095825
0.53384929895401
-0.17314031720161438
-0.32463809847831726
-0.14428359270095825
-0.17314031720161438
-0.03607089817523956
-0.0649276152253151
0.6132052540779114
-0.3751373589038849
0.2885671854019165
0.4184224307537079
0.620419442653656
-0.36792317032814026
-0.25249630212783813
0.07214179635047913
0.15871195495128632
0.043285079300403595
-0.00721417972818017
-0.23806792497634888
-0.2452821135520935
0.5627059936523438
0.00721417972818017
-0.36070898175239563
0.38956570625305176
-0.05049925670027733
0.6420620083808899
-0.2452821135520935
0.03607089817523956
0.6492761969566345
-0.1298552304506302
-0.0649276152253151
0.3751373589038849
0.32463809847831726
0.05049925670027733
-0.20921121537685394
0.490564227104187
0.45449331402778625
0.09378433972597122
0.18035449087619781
0.3967798948287964
-0.23806792497634888
-0.043285079300403595
0.13706941902637482
-0.1298552304506302
0.27413883805274963
-0.31742390990257263
0.5554918646812439
0.6564903259277344
0.47613584995269775
0.2452821135520935
0.0
0.17314031720161438
0.353494793176651
0.40399405360221863
