0.3727268576622009
-0.6976682543754578
-0.6498827338218689
-0.49696916341781616
0.36316975951194763
0.24848458170890808
0.3727268576622009
0.15291358530521393
0.3727268576622009
0.1911419779062271
-0.7167824506759644
0.3727268576622009
-0.11468519270420074
0.13379938900470734
-0.5447546243667603
-0.7167824506759644
-0.32494136691093445
-0.17202778160572052
-0.05734259635210037
-0.7454537153244019
-0.05734259635210037
0.00955709908157587
-0.2006990760564804
-0.5160833597183228
-0.49696916341781616
0.3727268576622009
-0.01911419816315174
0.09557098895311356
-0.640325665473938
-0.34405556321144104
0.3727268576622009
-0.4205123484134674
0.219813272356987
0.3727268576622009
-0.30582717061042786
-0.06689969450235367
-0.31538426876068115
-0.7167824506759644
0.34405556321144104
0.3727268576622009
-0.5543117523193359
0.3727268576622009
0.35361266136169434
0.14335648715496063
-0.6116543412208557
-0.07645679265260696
-0.4205123484134674
0.17202778160572052
-0.7167824506759644
-0.11468519270420074
-0.14335648715496063
-0.6116543412208557
-0.3727268576622009
-0.4013981521129608
0.11468519270420074
0.15291358530521393
-0.7072253227233887
-0.04778549447655678
0.08601389080286026
0.2006990760564804
-0.5829830169677734
-0.4491836428642273
0.00955709908157587
-0.640325665473938
-0.48741206526756287
-0.6785540580749512
-0.01911419816315174
-0.04778549447655678
-0.7167824506759644
-0.32494136691093445
0.17202778160572052
-0.7167824506759644
-0.7454537153244019
-0.6116543412208557
-0.7454537153244019
-0.2102561742067337
-0.23892748355865479
0.3727268576622009
-0.13379938900470734
0.2293703854084015
-0.2102561742067337
0.18158487975597382
-0.439626544713974
-0.7167824506759644
-0.3822839558124542
-0.03822839632630348
-0.4013981521129608
-0.33449846506118774
0.3727268576622009
0.00955709908157587
-0.4205123484134674
0.3727268576622009
-0.4491836428642273
0.3727268576622009
0.3727268576622009
0.2102561742067337
-0.47785496711730957
-0.30582717061042786
0.06689969450235367
-0.18158487975597382
-0.5638688206672668
-0.6689969301223755
-0.5829830169677734
-0.35361266136169434
-0.4300694465637207
-0.640325665473938
-0.5543117523193359
0.2293703854084015
-0.7454537153244019
-0.5447546243667603
-0.08601389080286026
-0.7167824506759644
-0.5925401449203491
-0.5160833597183228
-0.7167824506759644
-0.6785540580749512
0.01911419816315174
-0.2580416798591614
0.24848458170890808
0.35361266136169434
-0.01911419816315174
0.13379938900470734
0.3727268576622009
-0.7167824506759644
-0.5925401449203491
-0.7167824506759644
-0.6498827338218689
-0.60209721326828
-0.27715587615966797
-0.7454537153244019
-0.6689969301223755
-0.2006990760564804
0.3727268576622009
-0.0
-0.5351975560188293
-0.5925401449203491
-0.2580416798591614
0.05734259635210037
-0.2580416798591614
-0.16247068345546722
-0.7167824506759644
0.0
0.09557098895311356
0.2293703854084015
0.2006990760564804
-0.7454537153244019
-0.00955709908157587
-0.7167824506759644
0.03822839632630348
-0.5351975560188293
-0.6594398617744446
-0.5065262317657471
-0.10512808710336685
-0.27715587615966797
-0.60209721326828
0.3727268576622009
0.24848458170890808
-0.04778549447655678
0.16247068345546722
-0.7454537153244019
-0.09557098895311356
0.36316975951194763
-0.60209721326828
-0.47785496711730957
-0.7167824506759644
-0.7167824506759644
0.12424229085445404
-0.34405556321144104
0.34405556321144104
0.11468519270420074
-0.15291358530521393
-0.7454537153244019
0.3727268576622009
-0.24848458170890808
0.10512808710336685
-0.04778549447655678
0.3727268576622009
0.3727268576622009
-0.5925401449203491
-0.7167824506759644
0.17202778160572052
0.27715587615966797
-0.7167824506759644
-0.7167824506759644
-0.09557098895311356
-0.48741206526756287
0.17202778160572052
0.3727268576622009
-0.5065262317657471
0.3727268576622009
0.3727268576622009
0.27715587615966797
0.12424229085445404
0.28671297430992126
-0.28671297430992126
-0.7454537153244019
0.17202778160572052
-0.4109552502632141
0.00955709908157587
0.14335648715496063
0.3727268576622009
0.34405556321144104
-0.31538426876068115
-0.735896646976471
-0.7167824506759644
-0.06689969450235367
-0.4013981521129608
-0.7167824506759644
-0.2102561742067337
-0.2006990760564804
0.3727268576622009
-0.6116543412208557
-0.18158487975597382
-0.4300694465637207
0.3727268576622009
-0.028671298176050186
-0.6594398617744446
0.23892748355865479
0.219813272356987
-0.6498827338218689
-0.7167824506759644
-0.7167824506759644
0.24848458170890808
0.23892748355865479
-0.2102561742067337
-0.6116543412208557
-0.7167824506759644
0.27715587615966797
-0.18158487975597382
-0.49696916341781616
-0.5925401449203491
-0.458740770816803
-0.028671298176050186
-0.31538426876068115
-0.5160833597183228
0.24848458170890808
-0.2580416798591614
-0.11468519270420074
-0.01911419816315174
0.3727268576622009
-0.7167824506759644
0.1911419779062271
0.12424229085445404
0.08601389080286026
-0.60209721326828
-0.01911419816315174
0.30582717061042786
-0.03822839632630348
0.2675987780094147
0.2675987780094147
-0.7167824506759644
-0.15291358530521393
-0.6307685375213623
0.00955709908157587
0.32494136691093445
-0.03822839632630348
-0.6976682543754578
0.04778549447655678
0.3727268576622009
-0.13379938900470734
-0.7072253227233887
0.01911419816315174
-0.4205123484134674
-0.1911419779062271
-0.6689969301223755
-0.48741206526756287
-0.028671298176050186
0.3727268576622009
-0.2293703854084015
-0.3727268576622009
0.2006990760564804
0.3727268576622009
-0.7167824506759644
0.2293703854084015
-0.7167824506759644
-0.7454537153244019
0.3727268576622009
-0.15291358530521393
-0.7167824506759644
-0.2293703854084015
-0.49696916341781616
-0.5065262317657471
0.10512808710336685
0.15291358530521393
-0.7167824506759644
-0.7167824506759644
0.01911419816315174
-0.5734259486198425
0.3727268576622009
-0.3918410539627075
0.18158487975597382
-0.7167824506759644
-0.1911419779062271
0.3727268576622009
0.27715587615966797
-0.2006990760564804
-0.7263395190238953
0.23892748355865479
-0.5351975560188293
-0.3727268576622009
-0.36316975951194763
0.04778549447655678
-0.24848458170890808
-0.06689969450235367
0.3727268576622009
0.3727268576622009
-0.028671298176050186
-0.7167824506759644
-0.18158487975597382
-0.6498827338218689
-0.7167824506759644
0.2006990760564804
-0.6594398617744446
0.01911419816315174
0.04778549447655678
-0.7167824506759644
0.30582717061042786
0.09557098895311356
0.3727268576622009
0.219813272356987
-0.60209721326828
-0.6116543412208557
-0.458740770816803
-0.7454537153244019
0.35361266136169434
-0.2006990760564804
0.2675987780094147
-0.01911419816315174
0.11468519270420074
0.32494136691093445
-0.7167824506759644
-0.01911419816315174
-0.23892748355865479
0.3727268576622009
-0.7454537153244019
0.3727268576622009
-0.7167824506759644
0.01911419816315174
0.3727268576622009
-0.11468519270420074
0.35361266136169434
0.2006990760564804
-0.34405556321144104
-0.2102561742067337
-0.5256404280662537
-0.48741206526756287
-0.4013981521129608
-0.7263395190238953
0.17202778160572052
-0.7167824506759644
0.3727268576622009
0.3727268576622009
-0.14335648715496063
0.3727268576622009
-0.36316975951194763
-0.6116543412208557
-0.35361266136169434
0.03822839632630348
0.3727268576622009
-0.4013981521129608
-0.04778549447655678
0.3727268576622009
0.2675987780094147
0.3727268576622009
0.3727268576622009
-0.12424229085445404
-0.2006990760564804
0.3727268576622009
-0.7454537153244019
0.3727268576622009
-0.04778549447655678
-0.35361266136169434
-0.31538426876068115
-0.2580416798591614
0.18158487975597382
0.3727268576622009
-0.7167824506759644
0.00955709908157587
-0.14335648715496063
-0.27715587615966797
-0.49696916341781616
-0.7454537153244019
-0.47785496711730957
-0.07645679265260696
0.33449846506118774
0.2675987780094147
-0.735896646976471
-0.735896646976471
-0.7072253227233887
0.14335648715496063
-0.3822839558124542
-0.2580416798591614
0.3727268576622009
-0.3727268576622009
-0.7454537153244019
0.17202778160572052
0.1911419779062271
-0.13379938900470734
0.3727268576622009
-0.5543117523193359
0.34405556321144104
-0.5638688206672668
0.3727268576622009
0.3727268576622009
0.2293703854084015
0.028671298176050186
0.3727268576622009
-0.47785496711730957
-0.5734259486198425
-0.10512808710336685
-0.7454537153244019
-0.18158487975597382
-0.32494136691093445
-0.2006990760564804
-0.7454537153244019
0.35361266136169434
0.13379938900470734
-0.7167824506759644
-0.6881111264228821
-0.7167824506759644
-0.4300694465637207
0.3727268576622009
-0.0
-0.04778549447655678
-0.7072253227233887
-0.7072253227233887
0.32494136691093445
-0.33449846506118774
-0.4491836428642273
0.3727268576622009
0.06689969450235367
-0.640325665473938
-0.735896646976471
0.3727268576622009
0.3727268576622009
-0.219813272356987
0.35361266136169434
-0.7167824506759644
-0.4013981521129608
0.09557098895311356
0.3727268576622009
-0.35361266136169434
0.27715587615966797
-0.2580416798591614
-0.6976682543754578
-0.6976682543754578
-0.7167824506759644
-0.5638688206672668
0.3727268576622009
0.3727268576622009
-0.5160833597183228
0.35361266136169434
-0.29627007246017456
-0.7072253227233887
0.3727268576622009
-0.7167824506759644
0.3727268576622009
-0.4109552502632141
0.3727268576622009
-0.5160833597183228
0.01911419816315174
-0.3822839558124542
-0.23892748355865479
0.29627007246017456
0.09557098895311356
-0.6881111264228821
-0.6976682543754578
-0.1911419779062271
-0.5160833597183228
0.17202778160572052
0.05734259635210037
-0.5447546243667603
0.30582717061042786
-0.6976682543754578
0.3727268576622009
-0.7167824506759644
-0.11468519270420074
-0.735896646976471
-0.12424229085445404
-0.30582717061042786
-0.7454537153244019
0.00955709908157587
-0.735896646976471
-0.4491836428642273
0.3727268576622009
-0.30582717061042786
-0.5925401449203491
-0.2006990760564804
-0.6785540580749512
-0.33449846506118774
-0.07645679265260696
-0.10512808710336685
-0.6881111264228821
-0.6594398617744446
-0.7454537153244019
-0.5543117523193359
0.11468519270420074
-0.7167824506759644
0.3727268576622009
-0.6594398617744446
-0.3918410539627075
-0.03822839632630348
-0.2580416798591614
0.3727268576622009
0.1911419779062271
0.3727268576622009
-0.7167824506759644
-0.7167824506759644
-0.4491836428642273
-0.24848458170890808
0.3727268576622009
0.10512808710336685
0.3822839558124542
0.16247068345546722
-0.17202778160572052
0.028671298176050186
0.0
-0.08601389080286026
0.16247068345546722
0.3727268576622009
0.03822839632630348
-0.17202778160572052
-0.14335648715496063
0.08601389080286026
0.2102561742067337
0.31538426876068115
-0.17202778160572052
0.07645679265260696
0.219813272356987
0.31538426876068115
0.15291358530521393
0.24848458170890808
0.31538426876068115
0.2102561742067337
0.2102561742067337
-0.07645679265260696
0.219813272356987
-0.05734259635210037
-0.17202778160572052
0.2102561742067337
0.2102561742067337
0.3727268576622009
0.2006990760564804
0.2102561742067337
0.08601389080286026
0.028671298176050186
-0.17202778160572052
0.24848458170890808
-0.028671298176050186
0.06689969450235367
0.30582717061042786
0.08601389080286026
0.2102561742067337
0.03822839632630348
0.24848458170890808
0.219813272356987
0.32494136691093445
0.2102561742067337
0.219813272356987
0.219813272356987
0.09557098895311356
0.01911419816315174
0.32494136691093445
0.2102561742067337
-0.17202778160572052
0.31538426876068115
0.28671297430992126
0.219813272356987
0.2102561742067337
-0.17202778160572052
0.2102561742067337
0.219813272356987
0.219813272356987
0.28671297430992126
0.31538426876068115
-0.17202778160572052
-0.17202778160572052
0.01911419816315174
0.05734259635210037
-0.17202778160572052
0.28671297430992126
-0.17202778160572052
0.24848458170890808
0.028671298176050186
0.1911419779062271
0.2102561742067337
-0.16247068345546722
0.2102561742067337
-0.17202778160572052
0.07645679265260696
-0.17202778160572052
0.2102561742067337
0.31538426876068115
-0.17202778160572052
0.219813272356987
-0.13379938900470734
0.31538426876068115
0.31538426876068115
0.4205123484134674
0.32494136691093445
0.12424229085445404
0.219813272356987
-0.17202778160572052
-0.01911419816315174
-0.17202778160572052
-0.08601389080286026
0.05734259635210037
0.12424229085445404
0.2102561742067337
0.219813272356987
0.31538426876068115
-0.17202778160572052
0.31538426876068115
-0.17202778160572052
-0.17202778160572052
-0.17202778160572052
-0.17202778160572052
0.2580416798591614
0.2102561742067337
0.03822839632630348
0.219813272356987
0.2102561742067337
0.15291358530521393
0.2580416798591614
-0.17202778160572052
-0.17202778160572052
-0.10512808710336685
0.31538426876068115
-0.17202778160572052
0.028671298176050186
0.31538426876068115
0.30582717061042786
0.219813272356987
0.219813272356987
-0.14335648715496063
0.12424229085445404
0.2102561742067337
0.03822839632630348
-0.17202778160572052
0.12424229085445404
0.219813272356987
0.24848458170890808
0.2102561742067337
0.09557098895311356
0.06689969450235367
0.219813272356987
0.31538426876068115
-0.10512808710336685
0.2580416798591614
-0.17202778160572052
0.24848458170890808
0.2102561742067337
-0.10512808710336685
-0.17202778160572052
-0.07645679265260696
0.2102561742067337
-0.17202778160572052
0.1911419779062271
0.09557098895311356
0.06689969450235367
-0.17202778160572052
0.2102561742067337
0.28671297430992126
0.219813272356987
-0.12424229085445404
0.2102561742067337
0.12424229085445404
-0.08601389080286026
0.219813272356987
0.4013981521129608
0.4205123484134674
0.23892748355865479
-0.17202778160572052
-0.07645679265260696
0.219813272356987
0.3727268576622009
-0.0
-0.06689969450235367
0.219813272356987
0.31538426876068115
0.2675987780094147
-0.17202778160572052
-0.17202778160572052
0.05734259635210037
0.13379938900470734
-0.09557098895311356
0.3918410539627075
-0.17202778160572052
-0.07645679265260696
-0.12424229085445404
0.2102561742067337
0.13379938900470734
-0.17202778160572052
0.2102561742067337
0.08601389080286026
0.29627007246017456
0.3822839558124542
0.24848458170890808
0.32494136691093445
0.17202778160572052
0.31538426876068115
-0.04778549447655678
0.12424229085445404
0.219813272356987
0.31538426876068115
0.31538426876068115
-0.17202778160572052
0.09557098895311356
-0.17202778160572052
0.2102561742067337
-0.03822839632630348
0.31538426876068115
0.1911419779062271
0.2580416798591614
0.2102561742067337
0.2580416798591614
-0.03822839632630348
0.219813272356987
0.15291358530521393
0.03822839632630348
0.219813272356987
0.31538426876068115
0.2293703854084015
-0.17202778160572052
0.2102561742067337
0.4013981521129608
-0.11468519270420074
0.24848458170890808
0.2102561742067337
-0.17202778160572052
0.2102561742067337
-0.17202778160572052
0.16247068345546722
-0.028671298176050186
-0.17202778160572052
0.31538426876068115
0.14335648715496063
0.2102561742067337
0.05734259635210037
-0.17202778160572052
0.219813272356987
-0.17202778160572052
-0.17202778160572052
0.31538426876068115
0.31538426876068115
-0.17202778160572052
0.31538426876068115
0.2102561742067337
-0.17202778160572052
0.219813272356987
0.219813272356987
-0.12424229085445404
0.31538426876068115
0.31538426876068115
-0.17202778160572052
-0.17202778160572052
0.2102561742067337
-0.17202778160572052
-0.17202778160572052
0.31538426876068115
0.2102561742067337
-0.17202778160572052
0.13379938900470734
0.31538426876068115
0.2102561742067337
-0.17202778160572052
-0.17202778160572052
0.31538426876068115
-0.07645679265260696
0.12424229085445404
0.15291358530521393
0.2102561742067337
-0.00955709908157587
0.2102561742067337
0.219813272356987
-0.17202778160572052
-0.17202778160572052
0.2102561742067337
0.2102561742067337
-0.17202778160572052
0.2102561742067337
0.31538426876068115
0.219813272356987
-0.01911419816315174
-0.07645679265260696
-0.17202778160572052
0.24848458170890808
-0.09557098895311356
-0.028671298176050186
0.17202778160572052
-0.11468519270420074
-0.17202778160572052
0.219813272356987
0.31538426876068115
0.028671298176050186
-0.17202778160572052
0.16247068345546722
0.24848458170890808
0.4109552502632141
-0.17202778160572052
-0.15291358530521393
0.2102561742067337
-0.17202778160572052
0.31538426876068115
0.219813272356987
-0.08601389080286026
0.29627007246017456
0.31538426876068115
0.14335648715496063
0.2102561742067337
0.31538426876068115
-0.17202778160572052
-0.17202778160572052
-0.17202778160572052
0.4013981521129608
0.31538426876068115
0.2006990760564804
0.07645679265260696
-0.17202778160572052
-0.06689969450235367
0.34405556321144104
0.01911419816315174
-0.01911419816315174
0.18158487975597382
0.219813272356987
-0.17202778160572052
0.2102561742067337
0.11468519270420074
0.2102561742067337
0.31538426876068115
-0.10512808710336685
0.31538426876068115
0.31538426876068115
0.2102561742067337
-0.13379938900470734
-0.17202778160572052
0.24848458170890808
0.30582717061042786
0.2102561742067337
0.219813272356987
0.219813272356987
-0.17202778160572052
-0.07645679265260696
0.219813272356987
0.219813272356987
-0.03822839632630348
0.24848458170890808
-0.14335648715496063
-0.04778549447655678
0.31538426876068115
-0.05734259635210037
0.219813272356987
0.31538426876068115
0.31538426876068115
0.07645679265260696
0.31538426876068115
-0.17202778160572052
0.2102561742067337
0.32494136691093445
-0.17202778160572052
-0.17202778160572052
-0.04778549447655678
-0.13379938900470734
-0.06689969450235367
0.2102561742067337
0.24848458170890808
-0.03822839632630348
0.35361266136169434
0.2102561742067337
0.2102561742067337
0.16247068345546722
0.31538426876068115
0.2102561742067337
0.17202778160572052
-0.17202778160572052
0.03822839632630348
0.00955709908157587
0.31538426876068115
0.31538426876068115
0.16247068345546722
0.2006990760564804
0.11468519270420074
-0.17202778160572052
0.31538426876068115
0.2102561742067337
0.219813272356987
-0.17202778160572052
0.08601389080286026
-0.01911419816315174
0.31538426876068115
0.33449846506118774
0.31538426876068115
-0.17202778160572052
0.10512808710336685
0.12424229085445404
0.2102561742067337
0.31538426876068115
0.31538426876068115
-0.14335648715496063
0.2580416798591614
0.16247068345546722
0.31538426876068115
-0.17202778160572052
-0.17202778160572052
0.028671298176050186
0.2102561742067337
-0.17202778160572052
0.04778549447655678
0.36316975951194763
0.3918410539627075
0.17202778160572052
-0.17202778160572052
0.32494136691093445
0.27715587615966797
0.15291358530521393
0.09557098895311356
-0.17202778160572052
-0.07645679265260696
0.2580416798591614
0.32494136691093445
-0.17202778160572052
-0.17202778160572052
-0.17202778160572052
-0.17202778160572052
0.219813272356987
-0.17202778160572052
-0.16247068345546722
0.2102561742067337
0.2102561742067337
-0.04778549447655678
0.31538426876068115
0.08601389080286026
-0.17202778160572052
-0.14335648715496063
0.31538426876068115
0.4205123484134674
-0.0
0.15291358530521393
0.2580416798591614
0.2102561742067337
0.219813272356987
-0.15291358530521393
0.16247068345546722
-0.14335648715496063
-0.06689969450235367
-0.00955709908157587
0.24848458170890808
0.33449846506118774
0.28671297430992126
-0.028671298176050186
0.219813272356987
0.2102561742067337
0.03822839632630348
0.09557098895311356
0.2102561742067337
0.3727268576622009
0.16247068345546722
0.16247068345546722
0.07645679265260696
0.31538426876068115
-0.01911419816315174
0.24848458170890808
-0.17202778160572052
0.28671297430992126
0.31538426876068115
0.31538426876068115
0.23892748355865479
0.03822839632630348
0.24848458170890808
-0.17202778160572052
0.16247068345546722
0.028671298176050186
-0.17202778160572052
-0.17202778160572052
-0.17202778160572052
-0.17202778160572052
0.2102561742067337
0.4205123484134674
0.31538426876068115
-0.17202778160572052
-0.17202778160572052
0.3727268576622009
0.2102561742067337
0.3727268576622009
-0.17202778160572052
-0.17202778160572052
0.11468519270420074
0.05734259635210037
-0.17202778160572052
0.2102561742067337
-0.07645679265260696
0.31538426876068115
-0.17202778160572052
0.33449846506118774
0.23892748355865479
0.219813272356987
0.03822839632630348
-0.17202778160572052
0.03822839632630348
0.2102561742067337
0.31538426876068115
0.2102561742067337
-0.17202778160572052
0.028671298176050186
-0.17202778160572052
0.32494136691093445
0.27715587615966797
0.31538426876068115
-0.17202778160572052
-0.028671298176050186
0.15291358530521393
-0.16247068345546722
-0.08601389080286026
0.219813272356987
0.31538426876068115
0.00955709908157587
-0.07645679265260696
0.17202778160572052
0.2580416798591614
0.28671297430992126
0.16247068345546722
-0.07645679265260696
-0.11468519270420074
0.31538426876068115
1.1564090251922607
-0.5925401449203491
0.9270386099815369
-1.1659660339355469
1.1564090251922607
-1.1659660339355469
0.11468519270420074
0.8888102173805237
0.60209721326828
-0.9079244136810303
-0.2006990760564804
-0.8219105005264282
0.31538426876068115
-0.03822839632630348
-0.7741250395774841
-0.4491836428642273
-0.9079244136810303
-0.5065262317657471
1.1277376413345337
-0.10512808710336685
-0.3822839558124542
0.9270386099815369
-1.0130524635314941
1.1277376413345337
1.0417238473892212
0.4682978689670563
-0.13379938900470734
-1.0799522399902344
0.9748241305351257
1.060837984085083
-0.4109552502632141
-0.49696916341781616
-1.1659660339355469
0.4300694465637207
0.30582717061042786
1.1564090251922607
1.1277376413345337
-0.9079244136810303
0.8314676284790039
0.1911419779062271
0.30582717061042786
-0.4682978689670563
0.04778549447655678
-0.18158487975597382
0.5925401449203491
0.7932392358779907
0.4491836428642273
0.12424229085445404
-1.060837984085083
-1.1659660339355469
0.9365957379341125
1.1086235046386719
-0.30582717061042786
0.9079244136810303
-1.1372947692871094
0.6881111264228821
0.9843811988830566
1.0799522399902344
-0.5543117523193359
-0.4491836428642273
0.17202778160572052
-1.1372947692871094
0.6498827338218689
-0.00955709908157587
0.8314676284790039
-1.1659660339355469
1.1277376413345337
-0.7454537153244019
-0.5447546243667603
0.4682978689670563
1.1277376413345337
-1.0512808561325073
1.1564090251922607
-0.8601388931274414
0.28671297430992126
-0.8601388931274414
-0.9270386099815369
0.03822839632630348
0.12424229085445404
0.34405556321144104
0.3918410539627075
-0.32494136691093445
0.5638688206672668
0.4109552502632141
0.4205123484134674
-1.0512808561325073
1.1372947692871094
0.60209721326828
-0.4109552502632141
0.6881111264228821
-0.5829830169677734
0.9843811988830566
-0.09557098895311356
-0.6307685375213623
0.9461528062820435
1.1277376413345337
0.8505818247795105
1.0990663766860962
0.7454537153244019
0.8410246968269348
-0.6976682543754578
-1.0321667194366455
0.7645679116249084
1.0321667194366455
0.08601389080286026
1.1277376413345337
0.4205123484134674
1.1277376413345337
-0.8410246968269348
-0.6212114691734314
-1.1659660339355469
0.640325665473938
-0.3822839558124542
0.9748241305351257
-0.7072253227233887
-0.9270386099815369
0.07645679265260696
-1.1659660339355469
-0.4300694465637207
0.13379938900470734
0.5256404280662537
-0.30582717061042786
0.8219105005264282
-0.4205123484134674
-1.0226095914840698
0.06689969450235367
-0.24848458170890808
-1.1659660339355469
-0.5925401449203491
1.0417238473892212
0.10512808710336685
1.1277376413345337
-0.09557098895311356
0.27715587615966797
0.05734259635210037
-1.1659660339355469
-1.1755231618881226
0.9557099342346191
1.1277376413345337
-0.735896646976471
-0.5160833597183228
-0.60209721326828
-1.1659660339355469
-0.9748241305351257
-0.23892748355865479
-1.1277376413345337
-1.1659660339355469
1.0512808561325073
-0.3918410539627075
-0.13379938900470734
-1.1277376413345337
-0.9270386099815369
-1.1659660339355469
0.6116543412208557
1.1277376413345337
0.05734259635210037
0.7645679116249084
0.8314676284790039
1.1277376413345337
-0.6689969301223755
-0.2580416798591614
1.1277376413345337
0.8505818247795105
0.6881111264228821
-0.29627007246017456
-0.219813272356987
0.8123534321784973
-0.5829830169677734
0.7072253227233887
0.7550108432769775
-0.08601389080286026
-0.03822839632630348
0.00955709908157587
1.1277376413345337
0.783682107925415
0.879253089427948
-0.10512808710336685
0.735896646976471
-0.458740770816803
0.3822839558124542
0.2675987780094147
-0.34405556321144104
0.7645679116249084
-0.7072253227233887
0.6976682543754578
1.1564090251922607
0.5734259486198425
-0.06689969450235367
-0.34405556321144104
-0.1911419779062271
0.5447546243667603
-0.7645679116249084
-0.33449846506118774
-0.9748241305351257
0.17202778160572052
-1.1564090251922607
-1.1086235046386719
0.31538426876068115
-1.1659660339355469
1.0512808561325073
-0.17202778160572052
0.9557099342346191
-1.0990663766860962
0.1911419779062271
0.14335648715496063
-0.2580416798591614
-1.1659660339355469
0.4300694465637207
-0.2006990760564804
-1.003495454788208
0.2580416798591614
-0.5638688206672668
0.458740770816803
0.8888102173805237
-0.96526700258255
-1.1659660339355469
0.6881111264228821
0.12424229085445404
0.5829830169677734
0.36316975951194763
0.9843811988830566
-0.7072253227233887
-0.5351975560188293
0.34405556321144104
-1.1659660339355469
-0.7550108432769775
0.5734259486198425
-0.4300694465637207
0.1911419779062271
-0.4491836428642273
-0.18158487975597382
-0.879253089427948
0.16247068345546722
-1.0990663766860962
0.6689969301223755
0.2006990760564804
-0.3918410539627075
0.9461528062820435
-0.09557098895311356
-0.6785540580749512
0.7741250395774841
-0.5543117523193359
-0.4682978689670563
0.5447546243667603
-0.00955709908157587
0.6785540580749512
1.1277376413345337
1.0226095914840698
-0.5925401449203491
0.9461528062820435
0.5065262317657471
-0.23892748355865479
-0.27715587615966797
0.30582717061042786
-1.0417238473892212
-0.04778549447655678
-1.1659660339355469
1.1277376413345337
-1.1659660339355469
0.7263395190238953
0.6976682543754578
-0.4013981521129608
0.2102561742067337
1.1277376413345337
-0.14335648715496063
-0.35361266136169434
0.06689969450235367
-0.31538426876068115
0.9365957379341125
0.01911419816315174
-0.01911419816315174
0.35361266136169434
0.32494136691093445
0.7072253227233887
0.028671298176050186
-0.04778549447655678
-1.060837984085083
1.1277376413345337
0.5543117523193359
0.7072253227233887
-1.1277376413345337
0.2293703854084015
1.1277376413345337
1.1181806325912476
-0.17202778160572052
0.879253089427948
0.9843811988830566
0.47785496711730957
-0.10512808710336685
0.9557099342346191
0.8027963042259216
-0.04778549447655678
-0.33449846506118774
-0.4205123484134674
1.1372947692871094
0.07645679265260696
0.00955709908157587
1.1277376413345337
0.8219105005264282
0.9365957379341125
0.028671298176050186
-0.8410246968269348
0.8505818247795105
-0.7645679116249084
0.7741250395774841
-1.1372947692871094
-1.060837984085083
-0.9461528062820435
1.1564090251922607
1.1277376413345337
-0.14335648715496063
-1.1659660339355469
-0.60209721326828
0.1911419779062271
-0.8027963042259216
0.09557098895311356
0.07645679265260696
-0.917481541633606
0.96526700258255
0.9843811988830566
-1.0417238473892212
0.5543117523193359
-1.1659660339355469
-0.7167824506759644
0.439626544713974
-1.1372947692871094
0.9365957379341125
1.0512808561325073
-0.7167824506759644
0.4300694465637207
0.8027963042259216
0.8505818247795105
0.00955709908157587
0.1911419779062271
0.4300694465637207
0.28671297430992126
0.917481541633606
1.1277376413345337
0.5734259486198425
-0.4682978689670563
-0.640325665473938
0.8505818247795105
1.1277376413345337
-0.7263395190238953
0.6498827338218689
0.05734259635210037
1.1564090251922607
-0.5925401449203491
-0.6594398617744446
-0.4109552502632141
0.6594398617744446
-0.879253089427948
0.5925401449203491
-0.7263395190238953
-1.1659660339355469
1.1372947692871094
-0.24848458170890808
-1.0417238473892212
-0.7550108432769775
-0.12424229085445404
-0.7741250395774841
0.6689969301223755
-0.8410246968269348
-0.31538426876068115
-0.23892748355865479
0.6212114691734314
-0.09557098895311356
0.9270386099815369
-0.17202778160572052
1.146851897239685
-0.8888102173805237
-1.0895092487335205
-0.7550108432769775
0.30582717061042786
-0.7645679116249084
0.29627007246017456
0.31538426876068115
-0.640325665473938
0.7932392358779907
-0.35361266136169434
0.2293703854084015
1.1564090251922607
-1.1659660339355469
-0.917481541633606
-0.8219105005264282
-0.11468519270420074
-1.0703951120376587
0.7263395190238953
-0.96526700258255
0.15291358530521393
-0.8888102173805237
-0.2293703854084015
-0.917481541633606
-0.07645679265260696
-0.917481541633606
-1.1659660339355469
1.1564090251922607
1.003495454788208
1.0799522399902344
0.10512808710336685
0.5447546243667603
-1.1372947692871094
-0.28671297430992126
-0.9843811988830566
0.00955709908157587
1.1277376413345337
-0.48741206526756287
0.48741206526756287
-0.9079244136810303
0.7072253227233887
0.12424229085445404
0.5734259486198425
-0.4109552502632141
0.9461528062820435
-0.458740770816803
-1.0512808561325073
0.4491836428642273
-1.0799522399902344
0.28671297430992126
-0.219813272356987
-1.060837984085083
-0.8410246968269348
0.4300694465637207
1.146851897239685
-0.5638688206672668
0.2006990760564804
-1.1755231618881226
0.8601388931274414
0.7263395190238953
0.10512808710336685
-1.1659660339355469
1.1277376413345337
1.1564090251922607
-1.1372947692871094
0.60209721326828
0.9843811988830566
-0.07645679265260696
1.0512808561325073
-1.0130524635314941
-0.05734259635210037
-0.6881111264228821
-1.1659660339355469
-0.2675987780094147
0.6594398617744446
-0.7167824506759644
0.7263395190238953
-0.7072253227233887
-0.18158487975597382
-0.5447546243667603
-0.917481541633606
1.1277376413345337
-0.33449846506118774
0.2293703854084015
0.09557098895311356
1.0895092487335205
0.8888102173805237
-0.5734259486198425
0.3918410539627075
-0.5351975560188293
1.1277376413345337
-0.24848458170890808
0.7072253227233887
-0.7932392358779907
0.32494136691093445
1.0703951120376587
1.1564090251922607
0.9461528062820435
-0.5638688206672668
-0.2580416798591614
1.0321667194366455
0.32494136691093445
1.0703951120376587
0.5829830169677734
0.8123534321784973
0.783682107925415
0.31538426876068115
0.4109552502632141
0.30582717061042786
1.1277376413345337
0.783682107925415
0.60209721326828
0.8983672857284546
-0.49696916341781616
-0.7550108432769775
0.735896646976471
-0.6498827338218689
-1.1659660339355469
-1.1181806325912476
-0.3918410539627075
0.13379938900470734
-0.49696916341781616
1.1277376413345337
1.0321667194366455
0.5256404280662537
1.1277376413345337
1.0130524635314941
-0.04778549447655678
0.5638688206672668
0.29627007246017456
-1.1755231618881226
1.1277376413345337
-0.6307685375213623
-0.8505818247795105
0.00955709908157587
1.1277376413345337
-0.9079244136810303
-0.35361266136169434
-0.18158487975597382
1.1277376413345337
-1.1659660339355469
-1.1755231618881226
-0.7263395190238953
0.2102561742067337
0.23892748355865479
0.05734259635210037
-0.01911419816315174
-0.11468519270420074
0.12424229085445404
-0.03822839632630348
0.01911419816315174
0.2006990760564804
0.16247068345546722
0.11468519270420074
-0.17202778160572052
0.2675987780094147
0.03822839632630348
-0.13379938900470734
-0.0
0.0
-0.11468519270420074
-0.01911419816315174
0.17202778160572052
0.30582717061042786
0.04778549447655678
0.27715587615966797
0.12424229085445404
0.028671298176050186
0.3822839558124542
-0.04778549447655678
-0.12424229085445404
0.00955709908157587
0.16247068345546722
0.05734259635210037
-0.05734259635210037
0.24848458170890808
0.00955709908157587
0.11468519270420074
0.01911419816315174
0.14335648715496063
-0.18158487975597382
0.2006990760564804
0.16247068345546722
0.28671297430992126
-0.028671298176050186
0.219813272356987
0.08601389080286026
0.27715587615966797
0.33449846506118774
0.29627007246017456
-0.18158487975597382
0.13379938900470734
-0.03822839632630348
0.14335648715496063
0.03822839632630348
0.3918410539627075
-0.00955709908157587
0.01911419816315174
-0.06689969450235367
0.08601389080286026
0.01911419816315174
0.06689969450235367
0.07645679265260696
-0.03822839632630348
-0.17202778160572052
-0.13379938900470734
0.1911419779062271
-0.11468519270420074
0.3727268576622009
-0.06689969450235367
0.12424229085445404
0.01911419816315174
0.31538426876068115
0.2102561742067337
-0.03822839632630348
0.16247068345546722
0.32494136691093445
0.28671297430992126
0.06689969450235367
0.34405556321144104
0.09557098895311356
0.23892748355865479
0.03822839632630348
0.12424229085445404
0.14335648715496063
-0.01911419816315174
-0.07645679265260696
-0.08601389080286026
-0.11468519270420074
0.10512808710336685
-0.06689969450235367
0.15291358530521393
0.219813272356987
-0.028671298176050186
0.1911419779062271
0.14335648715496063
0.29627007246017456
0.24848458170890808
-0.09557098895311356
0.09557098895311356
-0.04778549447655678
0.29627007246017456
-0.08601389080286026
0.2580416798591614
0.24848458170890808
-0.03822839632630348
-0.13379938900470734
0.04778549447655678
0.03822839632630348
0.31538426876068115
-0.16247068345546722
-0.06689969450235367
0.10512808710336685
-0.1911419779062271
0.15291358530521393
-0.06689969450235367
-0.17202778160572052
0.2580416798591614
-0.12424229085445404
0.03822839632630348
0.07645679265260696
-0.05734259635210037
0.00955709908157587
0.12424229085445404
0.10512808710336685
0.29627007246017456
0.14335648715496063
0.34405556321144104
-0.08601389080286026
-0.04778549447655678
0.2293703854084015
0.2006990760564804
0.00955709908157587
0.14335648715496063
0.17202778160572052
0.2293703854084015
0.29627007246017456
0.24848458170890808
-0.01911419816315174
-0.11468519270420074
0.18158487975597382
0.2675987780094147
-0.10512808710336685
0.14335648715496063
0.2675987780094147
0.28671297430992126
0.09557098895311356
0.10512808710336685
0.09557098895311356
-0.00955709908157587
0.34405556321144104
-0.03822839632630348
-0.15291358530521393
0.06689969450235367
0.30582717061042786
0.2293703854084015
0.35361266136169434
0.09557098895311356
0.2580416798591614
-0.04778549447655678
0.29627007246017456
-0.08601389080286026
0.11468519270420074
0.23892748355865479
0.30582717061042786
0.07645679265260696
0.01911419816315174
-0.09557098895311356
0.00955709908157587
0.28671297430992126
-0.05734259635210037
0.0
0.1911419779062271
0.23892748355865479
0.00955709908157587
0.14335648715496063
-0.07645679265260696
0.12424229085445404
-0.12424229085445404
0.09557098895311356
-0.00955709908157587
0.36316975951194763
0.2102561742067337
0.03822839632630348
0.2293703854084015
0.2293703854084015
0.2675987780094147
0.32494136691093445
0.34405556321144104
0.09557098895311356
0.30582717061042786
-0.028671298176050186
0.2293703854084015
-0.11468519270420074
0.07645679265260696
0.33449846506118774
-0.00955709908157587
0.15291358530521393
-0.11468519270420074
0.219813272356987
0.34405556321144104
0.34405556321144104
0.0
0.30582717061042786
-0.09557098895311356
0.09557098895311356
-0.09557098895311356
0.01911419816315174
-0.08601389080286026
0.27715587615966797
-0.15291358530521393
-0.01911419816315174
-0.06689969450235367
0.18158487975597382
0.3822839558124542
0.06689969450235367
-0.06689969450235367
-0.09557098895311356
0.07645679265260696
-0.07645679265260696
-0.17202778160572052
0.23892748355865479
-0.07645679265260696
-0.0
-0.12424229085445404
-0.17202778160572052
-0.14335648715496063
-0.11468519270420074
-0.07645679265260696
0.028671298176050186
-0.1911419779062271
0.2006990760564804
0.1911419779062271
-0.14335648715496063
-0.07645679265260696
0.03822839632630348
-0.0
0.2102561742067337
0.04778549447655678
-0.07645679265260696
0.09557098895311356
0.33449846506118774
-0.16247068345546722
0.219813272356987
0.05734259635210037
0.30582717061042786
0.27715587615966797
0.2102561742067337
-0.05734259635210037
0.2580416798591614
0.12424229085445404
0.03822839632630348
0.32494136691093445
0.32494136691093445
0.32494136691093445
0.00955709908157587
0.08601389080286026
0.05734259635210037
-0.12424229085445404
-0.00955709908157587
0.11468519270420074
0.16247068345546722
0.31538426876068115
-0.10512808710336685
0.01911419816315174
0.13379938900470734
0.219813272356987
-0.10512808710336685
0.00955709908157587
0.00955709908157587
0.07645679265260696
-0.03822839632630348
0.31538426876068115
0.219813272356987
0.31538426876068115
0.11468519270420074
0.13379938900470734
-0.03822839632630348
0.07645679265260696
0.12424229085445404
0.1911419779062271
-0.13379938900470734
0.29627007246017456
0.34405556321144104
0.24848458170890808
-0.12424229085445404
-0.14335648715496063
-0.028671298176050186
0.13379938900470734
0.29627007246017456
-0.11468519270420074
0.3822839558124542
0.18158487975597382
-0.08601389080286026
0.219813272356987
0.34405556321144104
0.12424229085445404
-0.2006990760564804
0.03822839632630348
-0.04778549447655678
-0.03822839632630348
0.08601389080286026
0.11468519270420074
0.07645679265260696
0.05734259635210037
0.12424229085445404
0.13379938900470734
0.05734259635210037
0.27715587615966797
-0.11468519270420074
0.15291358530521393
0.11468519270420074
0.33449846506118774
0.01911419816315174
0.13379938900470734
0.32494136691093445
0.24848458170890808
-0.03822839632630348
0.04778549447655678
0.18158487975597382
0.2675987780094147
0.36316975951194763
0.07645679265260696
0.10512808710336685
0.2675987780094147
0.028671298176050186
-0.09557098895311356
0.30582717061042786
0.14335648715496063
-0.18158487975597382
0.028671298176050186
-0.14335648715496063
0.2006990760564804
0.11468519270420074
0.07645679265260696
0.07645679265260696
-0.17202778160572052
-0.05734259635210037
-0.2006990760564804
0.08601389080286026
0.24848458170890808
0.34405556321144104
-0.04778549447655678
0.01911419816315174
0.07645679265260696
0.14335648715496063
-0.11468519270420074
-0.17202778160572052
0.29627007246017456
0.2102561742067337
0.2293703854084015
-0.11468519270420074
0.06689969450235367
0.0
-0.06689969450235367
-0.00955709908157587
0.15291358530521393
0.2006990760564804
-0.13379938900470734
0.05734259635210037
-0.07645679265260696
-0.14335648715496063
0.03822839632630348
0.17202778160572052
0.10512808710336685
0.07645679265260696
0.06689969450235367
0.16247068345546722
-0.13379938900470734
0.17202778160572052
0.31538426876068115
-0.08601389080286026
-0.09557098895311356
-0.09557098895311356
0.29627007246017456
0.1911419779062271
0.06689969450235367
-0.10512808710336685
-0.00955709908157587
-0.13379938900470734
-0.03822839632630348
-0.13379938900470734
-0.11468519270420074
0.07645679265260696
-0.14335648715496063
0.09557098895311356
-0.11468519270420074
-0.05734259635210037
0.29627007246017456
0.33449846506118774
-0.03822839632630348
0.2102561742067337
0.16247068345546722
0.09557098895311356
-0.04778549447655678
0.06689969450235367
0.13379938900470734
0.12424229085445404
-0.0
-0.12424229085445404
0.07645679265260696
0.219813272356987
-0.16247068345546722
-0.028671298176050186
-0.00955709908157587
0.07645679265260696
0.2675987780094147
0.17202778160572052
-0.08601389080286026
-0.13379938900470734
0.1911419779062271
0.1911419779062271
0.13379938900470734
0.27715587615966797
0.04778549447655678
0.2675987780094147
0.15291358530521393
-0.06689969450235367
-0.15291358530521393
-0.12424229085445404
-0.14335648715496063
0.24848458170890808
0.2006990760564804
0.2580416798591614
-0.01911419816315174
0.14335648715496063
0.28671297430992126
0.13379938900470734
0.34405556321144104
0.14335648715496063
-0.06689969450235367
0.23892748355865479
0.2675987780094147
0.18158487975597382
0.24848458170890808
0.29627007246017456
0.11468519270420074
0.07645679265260696
0.3727268576622009
0.11468519270420074
0.12424229085445404
0.04778549447655678
0.28671297430992126
-0.16247068345546722
-0.05734259635210037
0.1911419779062271
0.08601389080286026
-0.1911419779062271
0.00955709908157587
0.27715587615966797
0.05734259635210037
0.3727268576622009
-0.04778549447655678
0.04778549447655678
0.04778549447655678
0.34405556321144104
0.13379938900470734
0.31538426876068115
0.13379938900470734
0.09557098895311356
0.028671298176050186
0.1911419779062271
-0.07645679265260696
0.10512808710336685
-0.04778549447655678
0.05734259635210037
0.29627007246017456
0.12424229085445404
0.07645679265260696
0.2675987780094147
0.23892748355865479
0.2102561742067337
0.06689969450235367
0.2293703854084015
-0.028671298176050186
0.2102561742067337
0.00955709908157587
-0.05734259635210037
0.16247068345546722
0.2293703854084015
-0.14335648715496063
-0.1911419779062271
0.10512808710336685
-0.07645679265260696
0.13379938900470734
0.32494136691093445
0.00955709908157587
0.3727268576622009
0.05734259635210037
0.27715587615966797
0.09557098895311356
-0.17202778160572052
0.27715587615966797
-0.04778549447655678
-0.06689969450235367
0.2293703854084015
0.35361266136169434
0.12424229085445404
0.12424229085445404
0.07645679265260696
0.2006990760564804
0.4013981521129608
0.2675987780094147
0.1911419779062271
0.12424229085445404
0.34405556321144104
0.31538426876068115
0.08601389080286026
-0.06689969450235367
0.12424229085445404
0.01911419816315174
0.29627007246017456
0.0
0.1911419779062271
0.36316975951194763
0.07645679265260696
0.10512808710336685
0.4109552502632141
-0.0
-0.23892748355865479
-1.003495454788208
0.13379938900470734
-1.1277376413345337
0.028671298176050186
0.4013981521129608
-0.0
-0.2102561742067337
-0.18158487975597382
0.219813272356987
0.028671298176050186
0.14335648715496063
-1.1372947692871094
-0.12424229085445404
0.03822839632630348
0.2006990760564804
0.35361266136169434
-0.16247068345546722
0.33449846506118774
0.3918410539627075
-1.20419442653656
-0.2293703854084015
0.07645679265260696
0.30582717061042786
0.16247068345546722
0.03822839632630348
0.06689969450235367
0.219813272356987
0.4013981521129608
0.23892748355865479
-0.33449846506118774
-1.1086235046386719
-1.1755231618881226
-0.13379938900470734
-0.30582717061042786
0.32494136691093445
0.028671298176050186
0.08601389080286026
0.028671298176050186
-0.9270386099815369
-1.2233086824417114
-0.10512808710336685
-0.01911419816315174
-0.13379938900470734
0.06689969450235367
0.4109552502632141
-1.1086235046386719
0.03822839632630348
-0.29627007246017456
-0.2580416798591614
0.3727268576622009
0.2293703854084015
0.2580416798591614
-0.2675987780094147
-0.17202778160572052
-1.1755231618881226
-0.2102561742067337
-0.04778549447655678
0.05734259635210037
-0.01911419816315174
0.12424229085445404
-0.16247068345546722
-0.16247068345546722
-0.8027963042259216
-0.03822839632630348
0.00955709908157587
0.2293703854084015
-0.2102561742067337
0.13379938900470734
-0.06689969450235367
0.24848458170890808
-0.8219105005264282
-0.11468519270420074
-0.16247068345546722
0.2102561742067337
0.32494136691093445
0.23892748355865479
-0.1911419779062271
0.14335648715496063
0.32494136691093445
0.15291358530521393
0.17202778160572052
-0.6307685375213623
0.4013981521129608
0.28671297430992126
-1.2233086824417114
0.32494136691093445
0.31538426876068115
0.028671298176050186
-0.08601389080286026
0.0
0.08601389080286026
0.1911419779062271
0.17202778160572052
0.14335648715496063
0.4013981521129608
0.3918410539627075
0.4109552502632141
-0.10512808710336685
-0.28671297430992126
-1.1372947692871094
-0.028671298176050186
0.2580416798591614
-0.27715587615966797
-0.30582717061042786
-0.2102561742067337
-0.1911419779062271
-0.00955709908157587
-0.08601389080286026
-0.28671297430992126
0.31538426876068115
0.2293703854084015
0.028671298176050186
0.23892748355865479
0.17202778160572052
-0.03822839632630348
0.10512808710336685
-0.2580416798591614
-1.20419442653656
0.18158487975597382
-0.01911419816315174
0.3918410539627075
0.24848458170890808
0.2006990760564804
-0.14335648715496063
-0.13379938900470734
-0.09557098895311356
-1.20419442653656
0.15291358530521393
0.16247068345546722
0.27715587615966797
-0.05734259635210037
-0.09557098895311356
0.07645679265260696
-0.2006990760564804
0.30582717061042786
0.14335648715496063
0.2675987780094147
-1.2137515544891357
-0.2580416798591614
-0.5160833597183228
0.28671297430992126
0.27715587615966797
-0.2006990760564804
0.08601389080286026
-0.1911419779062271
0.3918410539627075
0.2102561742067337
0.31538426876068115
-0.08601389080286026
0.08601389080286026
-1.194637417793274
0.28671297430992126
0.4013981521129608
0.24848458170890808
-0.28671297430992126
0.15291358530521393
0.32494136691093445
-1.1277376413345337
-0.03822839632630348
-0.2293703854084015
-1.1564090251922607
-0.13379938900470734
-0.04778549447655678
0.2293703854084015
-0.18158487975597382
-0.07645679265260696
-0.17202778160572052
-0.24848458170890808
-0.08601389080286026
0.2102561742067337
-0.1911419779062271
-1.146851897239685
-0.00955709908157587
-0.05734259635210037
-0.27715587615966797
0.028671298176050186
0.11468519270420074
0.29627007246017456
-0.2580416798591614
-0.07645679265260696
-0.12424229085445404
0.06689969450235367
0.0
-0.2580416798591614
0.4109552502632141
0.17202778160572052
-0.13379938900470734
0.15291358530521393
0.07645679265260696
0.2580416798591614
0.36316975951194763
-0.18158487975597382
-0.16247068345546722
-0.23892748355865479
0.3822839558124542
0.07645679265260696
-0.03822839632630348
-0.33449846506118774
0.05734259635210037
-0.30582717061042786
-0.07645679265260696
0.11468519270420074
-0.16247068345546722
0.4109552502632141
-0.2293703854084015
0.06689969450235367
-0.30582717061042786
0.219813272356987
0.4109552502632141
0.15291358530521393
-0.35361266136169434
-1.2233086824417114
-0.18158487975597382
0.4109552502632141
0.28671297430992126
0.2006990760564804
0.11468519270420074
-0.12424229085445404
-0.01911419816315174
-0.30582717061042786
0.01911419816315174
-0.10512808710336685
-0.2006990760564804
-0.04778549447655678
-0.10512808710336685
0.09557098895311356
0.219813272356987
0.2675987780094147
0.028671298176050186
-0.15291358530521393
-0.07645679265260696
0.2675987780094147
-0.13379938900470734
-0.30582717061042786
-0.1911419779062271
-0.2293703854084015
-0.05734259635210037
0.09557098895311356
0.32494136691093445
0.4013981521129608
0.3822839558124542
-0.0
0.17202778160572052
-0.07645679265260696
-0.09557098895311356
-0.15291358530521393
0.03822839632630348
-0.04778549447655678
-0.18158487975597382
-0.2675987780094147
0.06689969450235367
0.05734259635210037
-0.60209721326828
-0.028671298176050186
-0.30582717061042786
0.2580416798591614
0.34405556321144104
-1.1564090251922607
0.29627007246017456
0.01911419816315174
-0.11468519270420074
0.4109552502632141
-0.028671298176050186
0.17202778160572052
0.13379938900470734
-0.07645679265260696
0.24848458170890808
0.13379938900470734
-0.09557098895311356
0.4109552502632141
-0.439626544713974
0.2102561742067337
0.14335648715496063
-0.23892748355865479
-1.2137515544891357
-0.09557098895311356
-0.12424229085445404
0.03822839632630348
-0.04778549447655678
-1.20419442653656
-0.13379938900470734
0.05734259635210037
0.15291358530521393
-0.2293703854084015
-1.20419442653656
-0.1911419779062271
0.36316975951194763
0.028671298176050186
-0.03822839632630348
-0.24848458170890808
0.14335648715496063
0.03822839632630348
-1.1850802898406982
-1.0130524635314941
-0.7072253227233887
-1.0130524635314941
0.30582717061042786
0.29627007246017456
-0.0
-1.0799522399902344
0.06689969450235367
0.3918410539627075
0.07645679265260696
0.3822839558124542
-0.00955709908157587
0.14335648715496063
-1.2233086824417114
-0.24848458170890808
0.2580416798591614
-0.17202778160572052
-1.003495454788208
-0.2006990760564804
-0.28671297430992126
-0.2102561742067337
0.15291358530521393
-0.08601389080286026
0.09557098895311356
-0.23892748355865479
0.13379938900470734
0.18158487975597382
0.36316975951194763
-0.09557098895311356
0.29627007246017456
0.12424229085445404
-1.20419442653656
0.28671297430992126
0.15291358530521393
-1.20419442653656
-0.13379938900470734
0.0
-0.2293703854084015
0.4109552502632141
0.18158487975597382
0.04778549447655678
-1.2137515544891357
0.12424229085445404
-0.13379938900470734
-0.10512808710336685
-0.12424229085445404
-0.23892748355865479
-0.2102561742067337
0.028671298176050186
0.04778549447655678
0.28671297430992126
-0.29627007246017456
0.12424229085445404
-1.194637417793274
-0.01911419816315174
0.09557098895311356
0.08601389080286026
0.18158487975597382
-0.8983672857284546
0.28671297430992126
-0.08601389080286026
0.2006990760564804
0.3727268576622009
-0.7741250395774841
-0.24848458170890808
-0.6594398617744446
-0.08601389080286026
-0.04778549447655678
0.16247068345546722
-0.219813272356987
0.1911419779062271
0.4109552502632141
-0.30582717061042786
0.17202778160572052
-0.028671298176050186
0.01911419816315174
-1.20419442653656
0.4109552502632141
-0.04778549447655678
-0.06689969450235367
0.04778549447655678
-0.17202778160572052
-0.7932392358779907
-0.12424229085445404
-0.01911419816315174
-0.219813272356987
-0.30582717061042786
0.17202778160572052
-0.30582717061042786
-0.219813272356987
0.219813272356987
0.15291358530521393
-0.1911419779062271
0.23892748355865479
0.34405556321144104
-0.9270386099815369
-0.2675987780094147
-0.28671297430992126
-0.01911419816315174
-0.5734259486198425
0.2293703854084015
0.06689969450235367
0.2293703854084015
0.18158487975597382
-1.20419442653656
0.24848458170890808
0.04778549447655678
-1.20419442653656
0.2102561742067337
0.12424229085445404
0.4109552502632141
-0.9939383268356323
-0.18158487975597382
0.13379938900470734
-0.06689969450235367
-1.0703951120376587
-0.14335648715496063
-0.07645679265260696
0.219813272356987
0.14335648715496063
0.028671298176050186
-1.1850802898406982
-1.20419442653656
0.11468519270420074
-0.2006990760564804
0.4109552502632141
-0.30582717061042786
-0.17202778160572052
-0.04778549447655678
0.16247068345546722
0.01911419816315174
0.17202778160572052
0.23892748355865479
0.2102561742067337
-0.04778549447655678
0.0
-0.917481541633606
-0.2675987780094147
-0.439626544713974
-0.8888102173805237
-1.194637417793274
0.35361266136169434
-0.28671297430992126
0.12424229085445404
0.2580416798591614
0.07645679265260696
-0.30582717061042786
0.33449846506118774
-0.04778549447655678
-0.00955709908157587
-0.14335648715496063
0.30582717061042786
-0.00955709908157587
-0.2102561742067337
0.00955709908157587
-1.1850802898406982
0.09557098895311356
-1.2137515544891357
0.32494136691093445
0.23892748355865479
-1.146851897239685
0.29627007246017456
0.30582717061042786
-1.194637417793274
0.10512808710336685
0.2675987780094147
-0.15291358530521393
0.08601389080286026
0.33449846506118774
0.12424229085445404
-1.1659660339355469
0.16247068345546722
0.36316975951194763
0.03822839632630348
-0.24848458170890808
-1.1850802898406982
0.33449846506118774
-0.24848458170890808
0.15291358530521393
-0.13379938900470734
-0.30582717061042786
-0.47785496711730957
0.36316975951194763
0.3918410539627075
-0.17202778160572052
-0.18158487975597382
-0.28671297430992126
0.30582717061042786
0.36316975951194763
-1.0895092487335205
-0.24848458170890808
0.30582717061042786
0.06689969450235367
0.36316975951194763
0.028671298176050186
-0.2006990760564804
0.31538426876068115
0.2102561742067337
-0.09557098895311356
0.15291358530521393
-0.30582717061042786
0.219813272356987
0.28671297430992126
-1.1086235046386719
0.09557098895311356
0.08601389080286026
-0.09557098895311356
0.28671297430992126
-0.10512808710336685
-0.06689969450235367
0.2293703854084015
0.2675987780094147
-1.1659660339355469
-0.2580416798591614
0.2580416798591614
0.08601389080286026
-0.07645679265260696
-0.12424229085445404
0.24848458170890808
0.12424229085445404
0.15291358530521393
0.12424229085445404
0.16247068345546722
0.219813272356987
0.30582717061042786
0.07645679265260696
0.29627007246017456
-0.08601389080286026
0.1911419779062271
0.2675987780094147
0.09557098895311356
-0.03822839632630348
0.29627007246017456
-0.08601389080286026
0.07645679265260696
-0.13379938900470734
0.10512808710336685
-0.09557098895311356
-0.07645679265260696
0.07645679265260696
0.24848458170890808
0.08601389080286026
-0.08601389080286026
0.31538426876068115
-0.13379938900470734
0.16247068345546722
-0.028671298176050186
-0.07645679265260696
0.07645679265260696
0.08601389080286026
-0.01911419816315174
0.05734259635210037
-0.15291358530521393
0.23892748355865479
0.2006990760564804
0.028671298176050186
0.10512808710336685
0.05734259635210037
0.16247068345546722
0.2102561742067337
0.24848458170890808
0.09557098895311356
-0.028671298176050186
-0.0
0.13379938900470734
-0.00955709908157587
0.14335648715496063
0.31538426876068115
-0.08601389080286026
-0.01911419816315174
-0.10512808710336685
-0.14335648715496063
0.35361266136169434
-0.01911419816315174
0.32494136691093445
0.12424229085445404
-0.00955709908157587
0.31538426876068115
0.2006990760564804
0.04778549447655678
-0.11468519270420074
0.07645679265260696
0.03822839632630348
0.00955709908157587
0.23892748355865479
-0.11468519270420074
-0.11468519270420074
0.00955709908157587
-0.00955709908157587
0.11468519270420074
0.04778549447655678
0.06689969450235367
0.18158487975597382
-0.05734259635210037
0.23892748355865479
0.35361266136169434
0.0
0.2102561742067337
-0.01911419816315174
0.07645679265260696
0.11468519270420074
0.09557098895311356
-0.09557098895311356
0.23892748355865479
0.24848458170890808
-0.05734259635210037
-0.11468519270420074
0.2580416798591614
0.27715587615966797
-0.05734259635210037
-0.11468519270420074
-0.04778549447655678
-0.028671298176050186
0.18158487975597382
0.15291358530521393
0.11468519270420074
0.30582717061042786
0.2675987780094147
0.16247068345546722
0.17202778160572052
0.07645679265260696
0.1911419779062271
-0.12424229085445404
-0.14335648715496063
0.11468519270420074
0.32494136691093445
-0.10512808710336685
0.01911419816315174
0.14335648715496063
0.028671298176050186
0.18158487975597382
-0.05734259635210037
0.04778549447655678
0.09557098895311356
-0.12424229085445404
0.11468519270420074
0.07645679265260696
-0.11468519270420074
0.15291358530521393
0.00955709908157587
-0.0
0.2293703854084015
0.32494136691093445
-0.15291358530521393
0.10512808710336685
0.24848458170890808
0.01911419816315174
0.15291358530521393
0.028671298176050186
-0.13379938900470734
0.24848458170890808
-0.09557098895311356
-0.11468519270420074
0.01911419816315174
0.219813272356987
0.08601389080286026
0.028671298176050186
0.06689969450235367
0.10512808710336685
0.28671297430992126
-0.03822839632630348
0.01911419816315174
-0.09557098895311356
0.01911419816315174
0.23892748355865479
0.00955709908157587
-0.0
0.15291358530521393
-0.10512808710336685
0.10512808710336685
-0.05734259635210037
0.05734259635210037
0.01911419816315174
0.36316975951194763
0.04778549447655678
0.12424229085445404
0.01911419816315174
-0.11468519270420074
-0.11468519270420074
0.04778549447655678
-0.09557098895311356
0.29627007246017456
0.219813272356987
-0.15291358530521393
-0.08601389080286026
0.31538426876068115
0.33449846506118774
0.24848458170890808
-0.05734259635210037
0.2675987780094147
0.18158487975597382
0.11468519270420074
0.06689969450235367
0.34405556321144104
0.29627007246017456
0.03822839632630348
-0.06689969450235367
0.30582717061042786
-0.028671298176050186
0.08601389080286026
0.219813272356987
-0.03822839632630348
-0.13379938900470734
0.1911419779062271
0.13379938900470734
0.12424229085445404
0.06689969450235367
0.18158487975597382
-0.05734259635210037
0.09557098895311356
0.32494136691093445
0.219813272356987
-0.00955709908157587
0.2293703854084015
0.01911419816315174
0.219813272356987
0.11468519270420074
0.2102561742067337
0.33449846506118774
-0.06689969450235367
0.23892748355865479
-0.03822839632630348
0.23892748355865479
0.28671297430992126
-0.0
0.03822839632630348
0.23892748355865479
0.05734259635210037
0.18158487975597382
0.09557098895311356
0.1911419779062271
0.18158487975597382
0.028671298176050186
0.17202778160572052
0.2580416798591614
-0.00955709908157587
0.15291358530521393
0.10512808710336685
-0.10512808710336685
-0.08601389080286026
0.05734259635210037
0.03822839632630348
-0.10512808710336685
-0.11468519270420074
0.03822839632630348
0.1911419779062271
0.28671297430992126
0.028671298176050186
-0.11468519270420074
0.14335648715496063
0.09557098895311356
-0.13379938900470734
0.219813272356987
0.15291358530521393
-0.12424229085445404
0.33449846506118774
0.03822839632630348
0.2006990760564804
-0.05734259635210037
-0.028671298176050186
-0.09557098895311356
0.23892748355865479
0.30582717061042786
0.18158487975597382
-0.04778549447655678
0.06689969450235367
0.32494136691093445
-0.16247068345546722
-0.17202778160572052
0.15291358530521393
-0.11468519270420074
0.09557098895311356
0.03822839632630348
0.2675987780094147
0.05734259635210037
0.2675987780094147
0.18158487975597382
0.2006990760564804
0.23892748355865479
0.33449846506118774
0.2580416798591614
0.17202778160572052
0.2675987780094147
-0.0
0.27715587615966797
0.14335648715496063
0.30582717061042786
0.14335648715496063
0.17202778160572052
0.10512808710336685
0.27715587615966797
0.2102561742067337
0.219813272356987
0.11468519270420074
-0.00955709908157587
0.2675987780094147
0.03822839632630348
0.2102561742067337
0.2293703854084015
0.10512808710336685
0.2293703854084015
0.03822839632630348
0.15291358530521393
-0.06689969450235367
-0.07645679265260696
0.23892748355865479
0.16247068345546722
0.00955709908157587
0.07645679265260696
-0.11468519270420074
-0.07645679265260696
0.028671298176050186
0.04778549447655678
0.10512808710336685
0.13379938900470734
-0.10512808710336685
0.28671297430992126
0.18158487975597382
0.04778549447655678
-0.028671298176050186
0.06689969450235367
0.2006990760564804
0.27715587615966797
0.10512808710336685
-0.028671298176050186
0.2675987780094147
0.219813272356987
0.23892748355865479
0.29627007246017456
0.09557098895311356
0.31538426876068115
-0.10512808710336685
0.11468519270420074
-0.09557098895311356
0.33449846506118774
-0.06689969450235367
0.35361266136169434
0.2293703854084015
0.11468519270420074
-0.05734259635210037
0.06689969450235367
0.2580416798591614
0.14335648715496063
-0.028671298176050186
-0.08601389080286026
0.28671297430992126
-0.06689969450235367
0.00955709908157587
0.24848458170890808
0.13379938900470734
-0.05734259635210037
-0.03822839632630348
0.11468519270420074
-0.03822839632630348
0.29627007246017456
0.32494136691093445
0.05734259635210037
-0.07645679265260696
-0.01911419816315174
-0.06689969450235367
0.05734259635210037
-0.10512808710336685
0.16247068345546722
0.34405556321144104
0.2102561742067337
0.08601389080286026
0.28671297430992126
0.28671297430992126
0.18158487975597382
0.04778549447655678
0.07645679265260696
-0.028671298176050186
0.04778549447655678
0.29627007246017456
0.2675987780094147
0.11468519270420074
0.33449846506118774
0.08601389080286026
0.30582717061042786
0.00955709908157587
0.2675987780094147
0.2580416798591614
0.2293703854084015
0.13379938900470734
0.27715587615966797
0.2006990760564804
0.10512808710336685
0.32494136691093445
0.12424229085445404
-0.04778549447655678
0.16247068345546722
-0.09557098895311356
0.11468519270420074
0.2293703854084015
0.06689969450235367
0.00955709908157587
-0.12424229085445404
-0.05734259635210037
0.31538426876068115
0.04778549447655678
-0.06689969450235367
-0.14335648715496063
-0.01911419816315174
-0.03822839632630348
0.11468519270420074
0.219813272356987
0.28671297430992126
0.09557098895311356
-0.18158487975597382
-0.16247068345546722
-0.03822839632630348
0.07645679265260696
-0.04778549447655678
0.06689969450235367
0.2006990760564804
-0.01911419816315174
0.27715587615966797
0.18158487975597382
-0.12424229085445404
0.00955709908157587
0.10512808710336685
0.29627007246017456
-0.028671298176050186
0.07645679265260696
0.2580416798591614
0.219813272356987
0.27715587615966797
0.09557098895311356
0.29627007246017456
0.10512808710336685
0.15291358530521393
0.09557098895311356
0.24848458170890808
0.17202778160572052
-0.01911419816315174
-0.07645679265260696
-0.14335648715496063
0.11468519270420074
-0.17202778160572052
0.17202778160572052
-0.14335648715496063
0.10512808710336685
-0.07645679265260696
0.2293703854084015
0.27715587615966797
0.13379938900470734
0.2102561742067337
-0.00955709908157587
0.12424229085445404
0.2006990760564804
0.09557098895311356
0.07645679265260696
0.2293703854084015
0.01911419816315174
-0.04778549447655678
0.07645679265260696
0.219813272356987
0.31538426876068115
0.15291358530521393
-0.04778549447655678
-0.05734259635210037
-0.14335648715496063
0.13379938900470734
0.18158487975597382
0.00955709908157587
-0.14335648715496063
0.03822839632630348
0.2102561742067337
0.11468519270420074
-0.08601389080286026
-0.06689969450235367
-0.04778549447655678
0.10512808710336685
0.13379938900470734
0.24848458170890808
0.14335648715496063
0.28671297430992126
0.00955709908157587
0.32494136691093445
-0.03822839632630348
-0.028671298176050186
0.12424229085445404
0.13379938900470734
-0.04778549447655678
0.2102561742067337
0.13379938900470734
0.31538426876068115
-0.00955709908157587
0.01911419816315174
-0.14335648715496063
0.2675987780094147
0.18158487975597382
0.07645679265260696
0.07645679265260696
0.06689969450235367
-0.04778549447655678
-0.01911419816315174
-0.13379938900470734
-0.00955709908157587
0.2580416798591614
0.17202778160572052
0.15291358530521393
0.11468519270420074
0.03822839632630348
0.07645679265260696
0.15291358530521393
0.28671297430992126
0.08601389080286026
-0.06689969450235367
-0.09557098895311356
0.028671298176050186
-0.09557098895311356
0.10512808710336685
0.07645679265260696
0.2675987780094147
0.028671298176050186
0.07645679265260696
0.2006990760564804
-0.15291358530521393
0.219813272356987
-0.13379938900470734
-0.14335648715496063
0.04778549447655678
0.24848458170890808
0.028671298176050186
0.13379938900470734
