51.0
149.0
171.0
174.0
201.0
261.0
318.0
596.0
703.0
753.0
806.0
819.0
853.0
967.0
990.0
939.0
71.0
288.0
313.0
336.0
425.0
532.0
578.0
709.0
711.0
874.0
912.0
921.0
957.0
1009.0
1011.0
142.0
44.0
54.0
109.0
134.0
248.0
265.0
290.0
337.0
378.0
485.0
549.0
798.0
815.0
988.0
999.0
42.0
233.0
236.0
266.0
395.0
450.0
466.0
471.0
534.0
635.0
757.0
864.0
909.0
919.0
973.0
1007.0
714.0
18.0
41.0
184.0
244.0
253.0
346.0
377.0
397.0
446.0
467.0
727.0
786.0
793.0
831.0
889.0
280.0
23.0
34.0
39.0
81.0
88.0
108.0
160.0
189.0
378.0
525.0
577.0
591.0
639.0
815.0
1020.0
859.0
18.0
38.0
184.0
244.0
253.0
280.0
346.0
377.0
397.0
446.0
467.0
496.0
793.0
831.0
889.0
105.0
0.0
145.0
157.0
208.0
231.0
240.0
247.0
262.0
271.0
407.0
627.0
785.0
905.0
943.0
953.0
801.0
13.0
118.0
198.0
371.0
386.0
430.0
506.0
700.0
723.0
845.0
876.0
933.0
970.0
1008.0
1022.0
412.0
42.0
109.0
117.0
134.0
176.0
265.0
276.0
290.0
326.0
421.0
434.0
485.0
617.0
768.0
913.0
248.0
13.0
198.0
204.0
371.0
386.0
430.0
506.0
700.0
723.0
808.0
845.0
876.0
933.0
1008.0
1022.0
920.0
3.0
15.0
83.0
199.0
366.0
444.0
454.0
502.0
583.0
604.0
649.0
835.0
875.0
968.0
997.0
357.0
69.0
130.0
246.0
254.0
309.0
369.0
384.0
472.0
523.0
606.0
728.0
789.0
810.0
881.0
882.0
847.0
24.0
45.0
148.0
155.0
282.0
561.0
613.0
658.0
712.0
742.0
804.0
830.0
883.0
897.0
998.0
6.0
33.0
67.0
72.0
278.0
305.0
323.0
334.0
449.0
648.0
778.0
780.0
837.0
901.0
922.0
1006.0
621.0
28.0
147.0
149.0
161.0
185.0
243.0
376.0
443.0
457.0
569.0
582.0
664.0
688.0
707.0
929.0
653.0
18.0
38.0
184.0
244.0
253.0
280.0
346.0
377.0
397.0
446.0
467.0
496.0
793.0
831.0
889.0
105.0
25.0
251.0
372.0
380.0
435.0
536.0
543.0
584.0
671.0
719.0
749.0
784.0
865.0
877.0
894.0
298.0
3.0
15.0
83.0
199.0
366.0
444.0
454.0
502.0
583.0
604.0
649.0
835.0
875.0
968.0
997.0
357.0
30.0
36.0
316.0
413.0
457.0
513.0
581.0
582.0
609.0
722.0
746.0
827.0
903.0
904.0
966.0
161.0
37.0
80.0
135.0
147.0
242.0
267.0
327.0
398.0
443.0
522.0
569.0
651.0
653.0
688.0
930.0
338.0
78.0
93.0
99.0
285.0
311.0
312.0
331.0
465.0
553.0
611.0
623.0
682.0
826.0
996.0
1002.0
567.0
28.0
147.0
149.0
161.0
185.0
243.0
376.0
443.0
457.0
569.0
582.0
664.0
688.0
707.0
929.0
653.0
44.0
54.0
109.0
134.0
248.0
265.0
290.0
337.0
378.0
485.0
549.0
798.0
815.0
988.0
999.0
42.0
114.0
125.0
163.0
164.0
186.0
207.0
284.0
299.0
324.0
335.0
348.0
666.0
764.0
769.0
895.0
873.0
4.0
128.0
232.0
268.0
403.0
440.0
494.0
600.0
608.0
631.0
644.0
862.0
911.0
925.0
942.0
685.0
153.0
188.0
192.0
259.0
314.0
317.0
392.0
432.0
528.0
716.0
730.0
788.0
851.0
937.0
947.0
692.0
17.0
19.0
110.0
133.0
191.0
340.0
433.0
515.0
563.0
767.0
824.0
856.0
879.0
890.0
935.0
499.0
47.0
98.0
169.0
172.0
252.0
413.0
531.0
535.0
582.0
595.0
598.0
674.0
828.0
977.0
185.0
362.0
37.0
80.0
135.0
147.0
242.0
267.0
327.0
398.0
443.0
522.0
569.0
651.0
653.0
688.0
930.0
338.0
44.0
109.0
134.0
248.0
265.0
290.0
337.0
368.0
485.0
615.0
617.0
768.0
798.0
913.0
988.0
888.0
37.0
80.0
242.0
267.0
271.0
349.0
398.0
522.0
539.0
651.0
801.0
803.0
918.0
930.0
943.0
327.0
131.0
132.0
143.0
209.0
220.0
221.0
301.0
427.0
593.0
697.0
752.0
754.0
755.0
884.0
979.0
969.0
70.0
146.0
214.0
245.0
624.0
629.0
677.0
710.0
736.0
868.0
910.0
938.0
975.0
976.0
993.0
590.0
121.0
229.0
256.0
300.0
404.0
419.0
498.0
570.0
587.0
619.0
694.0
842.0
948.0
949.0
989.0
503.0
27.0
38.0
40.0
275.0
280.0
383.0
388.0
463.0
580.0
663.0
669.0
675.0
793.0
932.0
955.0
253.0
84.0
144.0
179.0
233.0
433.0
499.0
534.0
757.0
796.0
879.0
892.0
935.0
981.0
1001.0
276.0
515.0
35.0
49.0
50.0
170.0
181.0
263.0
354.0
453.0
458.0
462.0
740.0
858.0
878.0
927.0
992.0
715.0
43.0
156.0
246.0
254.0
309.0
356.0
416.0
476.0
526.0
661.0
720.0
881.0
882.0
952.0
982.0
69.0
52.0
95.0
97.0
124.0
210.0
211.0
274.0
296.0
400.0
557.0
601.0
722.0
848.0
855.0
860.0
620.0
15.0
20.0
212.0
357.0
454.0
502.0
546.0
568.0
649.0
747.0
822.0
835.0
849.0
971.0
1023.0
989.0
24.0
45.0
74.0
148.0
155.0
302.0
405.0
447.0
451.0
493.0
665.0
734.0
804.0
830.0
998.0
165.0
9.0
89.0
136.0
175.0
227.0
306.0
355.0
373.0
414.0
461.0
481.0
495.0
509.0
985.0
1014.0
338.0
15.0
83.0
85.0
199.0
315.0
321.0
332.0
366.0
444.0
454.0
583.0
660.0
680.0
835.0
945.0
289.0
0.0
219.0
234.0
247.0
281.0
407.0
497.0
562.0
592.0
627.0
736.0
772.0
905.0
943.0
993.0
785.0
75.0
122.0
152.0
381.0
421.0
428.0
452.0
484.0
571.0
572.0
610.0
618.0
821.0
958.0
964.0
113.0
4.0
126.0
128.0
249.0
291.0
365.0
403.0
440.0
579.0
600.0
642.0
668.0
708.0
748.0
942.0
832.0
8.0
200.0
204.0
226.0
339.0
488.0
559.0
614.0
616.0
745.0
877.0
894.0
898.0
987.0
1004.0
759.0
31.0
65.0
118.0
216.0
374.0
386.0
412.0
460.0
480.0
518.0
521.0
760.0
810.0
836.0
844.0
369.0
9.0
121.0
136.0
177.0
229.0
294.0
373.0
404.0
495.0
498.0
747.0
948.0
949.0
971.0
989.0
361.0
49.0
50.0
170.0
181.0
263.0
354.0
453.0
458.0
462.0
524.0
715.0
740.0
858.0
927.0
992.0
878.0
47.0
215.0
235.0
252.0
304.0
314.0
341.0
352.0
364.0
418.0
489.0
713.0
730.0
870.0
902.0
828.0
50.0
75.0
122.0
152.0
182.0
190.0
277.0
389.0
474.0
475.0
524.0
572.0
610.0
618.0
821.0
458.0
42.0
54.0
57.0
76.0
208.0
231.0
262.0
290.0
326.0
549.0
625.0
672.0
796.0
953.0
999.0
378.0
9.0
136.0
175.0
177.0
229.0
294.0
306.0
361.0
373.0
404.0
495.0
498.0
519.0
948.0
989.0
747.0
30.0
36.0
316.0
413.0
457.0
513.0
581.0
582.0
609.0
722.0
746.0
827.0
903.0
904.0
966.0
161.0
203.0
249.0
258.0
448.0
469.0
470.0
541.0
643.0
683.0
704.0
705.0
726.0
741.0
924.0
980.0
308.0
50.0
170.0
190.0
263.0
286.0
354.0
389.0
458.0
474.0
475.0
524.0
715.0
740.0
744.0
858.0
122.0
151.0
167.0
337.0
368.0
486.0
594.0
615.0
617.0
654.0
768.0
798.0
888.0
916.0
988.0
1017.0
109.0
0.0
16.0
145.0
157.0
231.0
240.0
262.0
271.0
539.0
627.0
801.0
803.0
905.0
918.0
943.0
225.0
28.0
98.0
147.0
161.0
185.0
243.0
376.0
413.0
457.0
569.0
582.0
653.0
674.0
688.0
707.0
929.0
13.0
198.0
204.0
371.0
386.0
430.0
506.0
700.0
723.0
808.0
845.0
876.0
933.0
1008.0
1022.0
920.0
82.0
197.0
213.0
319.0
339.0
401.0
543.0
573.0
589.0
679.0
758.0
759.0
850.0
871.0
940.0
898.0
12.0
53.0
86.0
114.0
125.0
164.0
250.0
299.0
335.0
345.0
348.0
501.0
769.0
923.0
931.0
678.0
11.0
29.0
103.0
183.0
196.0
205.0
217.0
343.0
423.0
439.0
514.0
560.0
647.0
696.0
928.0
829.0
32.0
312.0
351.0
558.0
622.0
623.0
682.0
686.0
751.0
776.0
908.0
914.0
984.0
996.0
1003.0
116.0
12.0
114.0
125.0
164.0
186.0
299.0
329.0
335.0
345.0
769.0
817.0
873.0
923.0
931.0
79.0
92.0
1.0
68.0
272.0
273.0
486.0
538.0
594.0
615.0
646.0
654.0
733.0
779.0
794.0
886.0
1017.0
540.0
16.0
61.0
315.0
349.0
363.0
510.0
511.0
554.0
659.0
718.0
915.0
959.0
968.0
991.0
997.0
926.0
18.0
38.0
40.0
184.0
253.0
392.0
397.0
446.0
463.0
496.0
669.0
692.0
793.0
889.0
955.0
831.0
131.0
143.0
194.0
209.0
220.0
301.0
427.0
490.0
507.0
593.0
752.0
754.0
755.0
884.0
969.0
979.0
34.0
39.0
81.0
108.0
160.0
189.0
248.0
290.0
378.0
549.0
577.0
591.0
639.0
815.0
999.0
23.0
9.0
121.0
136.0
177.0
229.0
294.0
373.0
404.0
495.0
498.0
747.0
948.0
949.0
971.0
989.0
361.0
34.0
42.0
57.0
76.0
189.0
248.0
290.0
378.0
549.0
625.0
639.0
672.0
796.0
815.0
999.0
160.0
21.0
140.0
206.0
321.0
330.0
390.0
438.0
548.0
652.0
660.0
744.0
791.0
811.0
951.0
1019.0
66.0
115.0
120.0
171.0
201.0
295.0
318.0
592.0
664.0
701.0
710.0
806.0
910.0
990.0
993.0
1012.0
772.0
42.0
57.0
76.0
208.0
290.0
326.0
378.0
434.0
485.0
549.0
625.0
672.0
796.0
892.0
999.0
134.0
4.0
126.0
128.0
249.0
291.0
365.0
403.0
440.0
579.0
600.0
642.0
668.0
708.0
748.0
942.0
832.0
51.0
149.0
171.0
174.0
201.0
261.0
318.0
596.0
703.0
753.0
806.0
819.0
853.0
967.0
990.0
939.0
28.0
115.0
147.0
149.0
161.0
185.0
243.0
376.0
391.0
443.0
569.0
664.0
688.0
701.0
707.0
242.0
64.0
91.0
139.0
257.0
320.0
409.0
411.0
513.0
581.0
737.0
746.0
903.0
936.0
950.0
1000.0
885.0
98.0
169.0
172.0
227.0
252.0
341.0
413.0
417.0
429.0
509.0
598.0
674.0
828.0
854.0
985.0
582.0
4.0
126.0
128.0
249.0
291.0
365.0
403.0
440.0
579.0
600.0
642.0
668.0
708.0
748.0
942.0
832.0
73.0
107.0
112.0
154.0
193.0
333.0
385.0
468.0
520.0
633.0
650.0
762.0
782.0
838.0
960.0
689.0
44.0
52.0
54.0
248.0
265.0
326.0
368.0
485.0
768.0
839.0
855.0
860.0
866.0
988.0
999.0
57.0
119.0
123.0
307.0
353.0
359.0
451.0
527.0
634.0
774.0
797.0
841.0
867.0
893.0
917.0
994.0
851.0
31.0
58.0
65.0
118.0
216.0
386.0
412.0
460.0
480.0
506.0
518.0
621.0
845.0
901.0
933.0
844.0
74.0
165.0
302.0
359.0
405.0
451.0
473.0
493.0
533.0
619.0
665.0
734.0
774.0
880.0
978.0
24.0
153.0
188.0
192.0
259.0
304.0
314.0
317.0
459.0
528.0
687.0
730.0
788.0
851.0
902.0
995.0
716.0
25.0
251.0
298.0
323.0
380.0
536.0
559.0
614.0
630.0
671.0
780.0
865.0
877.0
946.0
1006.0
894.0
0.0
115.0
219.0
234.0
242.0
271.0
391.0
443.0
497.0
592.0
772.0
801.0
905.0
930.0
943.0
295.0
51.0
115.0
120.0
149.0
171.0
174.0
201.0
318.0
376.0
664.0
701.0
806.0
819.0
853.0
990.0
243.0
62.0
328.0
347.0
358.0
410.0
504.0
656.0
702.0
732.0
787.0
837.0
863.0
934.0
941.0
944.0
435.0
70.0
146.0
214.0
245.0
624.0
629.0
677.0
710.0
736.0
868.0
910.0
938.0
975.0
976.0
993.0
590.0
151.0
167.0
337.0
363.0
368.0
485.0
615.0
659.0
718.0
768.0
888.0
916.0
963.0
988.0
991.0
594.0
51.0
149.0
171.0
174.0
201.0
261.0
318.0
596.0
703.0
753.0
806.0
819.0
853.0
967.0
990.0
939.0
52.0
95.0
97.0
124.0
210.0
211.0
296.0
555.0
557.0
601.0
839.0
848.0
855.0
860.0
866.0
400.0
78.0
93.0
99.0
285.0
311.0
312.0
331.0
465.0
553.0
611.0
623.0
682.0
826.0
996.0
1002.0
567.0
0.0
219.0
234.0
247.0
281.0
407.0
497.0
562.0
592.0
627.0
736.0
772.0
905.0
943.0
993.0
785.0
219.0
231.0
247.0
281.0
393.0
402.0
407.0
442.0
562.0
625.0
627.0
785.0
861.0
919.0
953.0
736.0
46.0
237.0
282.0
408.0
422.0
432.0
613.0
655.0
712.0
716.0
804.0
841.0
883.0
937.0
947.0
998.0
47.0
215.0
235.0
252.0
304.0
314.0
341.0
352.0
364.0
418.0
489.0
713.0
730.0
870.0
902.0
828.0
115.0
120.0
171.0
201.0
295.0
318.0
592.0
664.0
701.0
710.0
806.0
910.0
990.0
993.0
1012.0
772.0
131.0
132.0
143.0
221.0
301.0
427.0
586.0
593.0
697.0
752.0
754.0
755.0
840.0
857.0
979.0
884.0
131.0
132.0
143.0
221.0
301.0
465.0
552.0
586.0
593.0
670.0
697.0
755.0
840.0
857.0
979.0
78.0
0.0
115.0
219.0
234.0
242.0
271.0
391.0
443.0
497.0
592.0
772.0
801.0
905.0
930.0
943.0
295.0
15.0
20.0
26.0
85.0
212.0
350.0
478.0
546.0
568.0
603.0
761.0
822.0
849.0
1010.0
1023.0
835.0
15.0
85.0
199.0
206.0
212.0
321.0
454.0
478.0
568.0
603.0
680.0
761.0
835.0
945.0
1010.0
366.0
56.0
87.0
102.0
141.0
159.0
195.0
297.0
508.0
530.0
597.0
599.0
684.0
795.0
807.0
1015.0
329.0
111.0
166.0
270.0
387.0
441.0
466.0
471.0
500.0
565.0
575.0
724.0
765.0
790.0
872.0
965.0
641.0
84.0
144.0
179.0
233.0
433.0
499.0
534.0
757.0
796.0
879.0
892.0
935.0
981.0
1001.0
276.0
515.0
3.0
9.0
136.0
175.0
229.0
294.0
361.0
373.0
404.0
414.0
495.0
747.0
948.0
971.0
989.0
177.0
23.0
34.0
39.0
81.0
88.0
108.0
160.0
436.0
437.0
525.0
576.0
577.0
591.0
859.0
1020.0
777.0
21.0
104.0
140.0
206.0
289.0
321.0
330.0
390.0
438.0
548.0
652.0
660.0
744.0
791.0
1019.0
680.0
28.0
115.0
147.0
149.0
161.0
185.0
243.0
376.0
391.0
443.0
569.0
664.0
688.0
701.0
707.0
242.0
8.0
200.0
204.0
226.0
430.0
488.0
559.0
616.0
745.0
876.0
898.0
940.0
987.0
1004.0
1008.0
339.0
55.0
90.0
94.0
127.0
129.0
180.0
223.0
399.0
420.0
566.0
574.0
602.0
612.0
812.0
846.0
899.0
24.0
45.0
148.0
155.0
405.0
447.0
493.0
561.0
655.0
665.0
712.0
804.0
830.0
883.0
998.0
451.0
55.0
68.0
127.0
129.0
180.0
223.0
272.0
420.0
540.0
566.0
574.0
733.0
779.0
886.0
899.0
602.0
82.0
197.0
213.0
319.0
339.0
543.0
679.0
719.0
758.0
759.0
871.0
894.0
898.0
940.0
1004.0
573.0
32.0
116.0
487.0
567.0
622.0
623.0
682.0
690.0
776.0
802.0
908.0
914.0
996.0
1002.0
1003.0
331.0
114.0
125.0
163.0
164.0
186.0
207.0
284.0
299.0
324.0
335.0
348.0
666.0
764.0
769.0
895.0
873.0
71.0
288.0
313.0
336.0
425.0
532.0
578.0
709.0
711.0
874.0
912.0
921.0
957.0
1009.0
1011.0
142.0
23.0
34.0
39.0
81.0
88.0
108.0
160.0
189.0
525.0
576.0
577.0
591.0
639.0
859.0
1020.0
436.0
10.0
43.0
238.0
344.0
356.0
476.0
491.0
556.0
661.0
673.0
699.0
706.0
735.0
750.0
952.0
5.0
11.0
60.0
101.0
106.0
173.0
269.0
343.0
370.0
645.0
667.0
781.0
800.0
829.0
852.0
928.0
423.0
14.0
53.0
101.0
106.0
228.0
269.0
470.0
477.0
501.0
678.0
683.0
704.0
726.0
980.0
1018.0
829.0
32.0
116.0
487.0
567.0
622.0
623.0
682.0
690.0
776.0
802.0
908.0
914.0
996.0
1002.0
1003.0
331.0
29.0
63.0
103.0
183.0
205.0
217.0
343.0
423.0
514.0
560.0
647.0
696.0
725.0
829.0
1013.0
547.0
42.0
57.0
144.0
208.0
231.0
240.0
262.0
326.0
402.0
588.0
625.0
773.0
785.0
892.0
953.0
796.0
77.0
111.0
166.0
270.0
387.0
441.0
483.0
565.0
575.0
641.0
724.0
767.0
790.0
872.0
965.0
500.0
14.0
63.0
101.0
103.0
106.0
228.0
230.0
343.0
423.0
477.0
647.0
696.0
725.0
829.0
1013.0
678.0
78.0
131.0
132.0
143.0
221.0
301.0
552.0
586.0
593.0
670.0
697.0
755.0
840.0
857.0
979.0
465.0
52.0
95.0
97.0
124.0
210.0
211.0
296.0
400.0
555.0
557.0
601.0
848.0
855.0
860.0
866.0
839.0
37.0
80.0
147.0
234.0
242.0
243.0
391.0
398.0
443.0
522.0
569.0
688.0
801.0
930.0
943.0
803.0
98.0
161.0
169.0
172.0
185.0
413.0
457.0
531.0
535.0
582.0
598.0
653.0
674.0
828.0
854.0
595.0
25.0
251.0
372.0
380.0
435.0
536.0
543.0
584.0
671.0
719.0
749.0
784.0
865.0
877.0
894.0
298.0
18.0
41.0
184.0
244.0
253.0
346.0
377.0
397.0
446.0
467.0
727.0
786.0
793.0
831.0
889.0
280.0
151.0
167.0
337.0
368.0
486.0
594.0
615.0
617.0
654.0
768.0
798.0
888.0
916.0
988.0
1017.0
109.0
42.0
109.0
117.0
134.0
176.0
265.0
276.0
290.0
326.0
421.0
434.0
485.0
617.0
768.0
913.0
248.0
41.0
96.0
105.0
184.0
244.0
346.0
375.0
377.0
379.0
396.0
408.0
542.0
607.0
786.0
889.0
446.0
151.0
167.0
337.0
363.0
368.0
485.0
615.0
659.0
718.0
768.0
888.0
916.0
963.0
988.0
991.0
594.0
18.0
38.0
184.0
244.0
253.0
280.0
346.0
377.0
397.0
446.0
467.0
496.0
793.0
831.0
889.0
105.0
74.0
165.0
302.0
359.0
405.0
451.0
473.0
493.0
533.0
619.0
665.0
734.0
774.0
880.0
978.0
24.0
16.0
61.0
145.0
157.0
225.0
240.0
363.0
539.0
659.0
693.0
718.0
803.0
915.0
918.0
959.0
963.0
55.0
90.0
94.0
127.0
129.0
180.0
223.0
399.0
420.0
566.0
574.0
602.0
612.0
812.0
846.0
899.0
37.0
80.0
147.0
234.0
242.0
243.0
391.0
398.0
443.0
522.0
569.0
688.0
801.0
930.0
943.0
803.0
35.0
49.0
170.0
181.0
218.0
354.0
390.0
453.0
462.0
657.0
715.0
740.0
799.0
858.0
878.0
652.0
11.0
51.0
59.0
196.0
261.0
283.0
343.0
439.0
514.0
596.0
753.0
800.0
819.0
852.0
928.0
217.0
51.0
115.0
120.0
171.0
201.0
295.0
318.0
590.0
701.0
703.0
710.0
806.0
853.0
990.0
1012.0
664.0
29.0
63.0
103.0
183.0
205.0
217.0
343.0
423.0
514.0
560.0
647.0
696.0
725.0
829.0
1013.0
547.0
109.0
117.0
134.0
151.0
167.0
176.0
337.0
434.0
594.0
615.0
617.0
654.0
798.0
913.0
916.0
958.0
10.0
43.0
238.0
344.0
356.0
476.0
491.0
556.0
661.0
673.0
699.0
706.0
735.0
750.0
952.0
5.0
4.0
126.0
128.0
232.0
365.0
403.0
440.0
579.0
600.0
631.0
642.0
668.0
748.0
832.0
942.0
708.0
52.0
54.0
95.0
97.0
124.0
210.0
211.0
271.0
557.0
601.0
803.0
839.0
855.0
860.0
866.0
918.0
32.0
312.0
351.0
558.0
622.0
623.0
682.0
686.0
751.0
776.0
908.0
914.0
984.0
996.0
1003.0
116.0
3.0
83.0
136.0
294.0
357.0
361.0
414.0
502.0
550.0
564.0
583.0
604.0
649.0
747.0
875.0
971.0
12.0
14.0
53.0
86.0
150.0
230.0
250.0
255.0
345.0
479.0
547.0
678.0
721.0
931.0
1013.0
477.0
4.0
126.0
128.0
232.0
365.0
403.0
440.0
579.0
600.0
631.0
642.0
668.0
748.0
832.0
942.0
708.0
28.0
51.0
149.0
174.0
185.0
201.0
243.0
283.0
318.0
376.0
707.0
753.0
819.0
853.0
929.0
701.0
21.0
85.0
140.0
206.0
321.0
330.0
360.0
478.0
548.0
603.0
761.0
791.0
811.0
945.0
951.0
660.0
98.0
161.0
169.0
172.0
185.0
413.0
457.0
531.0
535.0
582.0
598.0
653.0
674.0
828.0
854.0
595.0
22.0
48.0
126.0
153.0
292.0
314.0
365.0
512.0
551.0
579.0
642.0
668.0
687.0
748.0
832.0
4.0
46.0
237.0
282.0
408.0
422.0
432.0
613.0
655.0
712.0
716.0
804.0
841.0
883.0
937.0
947.0
998.0
55.0
94.0
127.0
129.0
180.0
223.0
399.0
420.0
540.0
566.0
574.0
602.0
733.0
779.0
899.0
90.0
23.0
34.0
39.0
81.0
108.0
160.0
189.0
378.0
525.0
549.0
577.0
591.0
639.0
815.0
1020.0
88.0
43.0
156.0
246.0
254.0
309.0
356.0
416.0
476.0
526.0
661.0
720.0
881.0
882.0
952.0
982.0
69.0
44.0
109.0
134.0
248.0
265.0
290.0
337.0
368.0
485.0
615.0
617.0
768.0
798.0
913.0
988.0
888.0
18.0
41.0
105.0
184.0
244.0
293.0
346.0
375.0
377.0
542.0
544.0
607.0
727.0
786.0
889.0
100.0
192.0
239.0
259.0
275.0
291.0
383.0
388.0
392.0
459.0
463.0
669.0
708.0
783.0
788.0
955.0
643.0
23.0
34.0
39.0
81.0
88.0
108.0
160.0
436.0
437.0
525.0
576.0
577.0
591.0
859.0
1020.0
777.0
137.0
138.0
168.0
202.0
464.0
605.0
632.0
711.0
771.0
823.0
843.0
874.0
912.0
921.0
957.0
288.0
0.0
145.0
157.0
208.0
231.0
240.0
247.0
262.0
271.0
407.0
627.0
785.0
905.0
943.0
953.0
801.0
21.0
140.0
206.0
321.0
330.0
390.0
438.0
548.0
652.0
660.0
744.0
791.0
811.0
951.0
1019.0
66.0
6.0
41.0
96.0
105.0
282.0
379.0
396.0
408.0
542.0
561.0
607.0
613.0
658.0
742.0
897.0
148.0
24.0
45.0
74.0
148.0
155.0
302.0
405.0
447.0
451.0
493.0
665.0
734.0
804.0
830.0
998.0
165.0
55.0
127.0
129.0
180.0
223.0
399.0
420.0
540.0
566.0
574.0
602.0
733.0
779.0
886.0
899.0
272.0
219.0
231.0
247.0
281.0
393.0
402.0
407.0
442.0
562.0
625.0
627.0
785.0
861.0
919.0
953.0
736.0
52.0
95.0
97.0
124.0
211.0
242.0
557.0
601.0
620.0
722.0
839.0
848.0
855.0
860.0
866.0
803.0
21.0
85.0
140.0
206.0
321.0
330.0
360.0
478.0
548.0
603.0
761.0
791.0
811.0
945.0
951.0
660.0
28.0
115.0
147.0
149.0
161.0
185.0
243.0
376.0
391.0
443.0
569.0
664.0
688.0
701.0
707.0
242.0
47.0
169.0
172.0
215.0
252.0
341.0
417.0
418.0
429.0
489.0
598.0
797.0
828.0
870.0
950.0
364.0
70.0
146.0
214.0
245.0
624.0
629.0
677.0
710.0
736.0
868.0
910.0
938.0
975.0
976.0
993.0
590.0
203.0
249.0
258.0
448.0
469.0
470.0
541.0
643.0
683.0
704.0
705.0
726.0
741.0
924.0
980.0
308.0
28.0
51.0
149.0
174.0
185.0
201.0
243.0
283.0
318.0
376.0
707.0
753.0
819.0
853.0
929.0
701.0
153.0
188.0
192.0
239.0
259.0
314.0
317.0
392.0
459.0
528.0
687.0
692.0
716.0
730.0
788.0
937.0
52.0
95.0
97.0
124.0
210.0
211.0
296.0
555.0
557.0
601.0
839.0
848.0
855.0
860.0
866.0
400.0
22.0
48.0
64.0
91.0
139.0
257.0
292.0
320.0
409.0
411.0
512.0
551.0
737.0
950.0
1000.0
418.0
11.0
51.0
59.0
196.0
261.0
283.0
343.0
439.0
514.0
596.0
753.0
800.0
819.0
852.0
928.0
217.0
82.0
197.0
213.0
339.0
543.0
573.0
589.0
679.0
758.0
759.0
850.0
871.0
898.0
940.0
987.0
8.0
75.0
113.0
122.0
152.0
286.0
389.0
458.0
475.0
484.0
524.0
572.0
610.0
618.0
698.0
821.0
927.0
10.0
43.0
156.0
246.0
254.0
344.0
356.0
416.0
476.0
526.0
661.0
706.0
881.0
952.0
982.0
491.0
27.0
38.0
40.0
275.0
280.0
383.0
388.0
463.0
580.0
663.0
669.0
675.0
793.0
932.0
955.0
253.0
2.0
79.0
92.0
114.0
150.0
250.0
255.0
345.0
479.0
508.0
547.0
662.0
721.0
817.0
923.0
86.0
52.0
95.0
97.0
124.0
211.0
242.0
557.0
601.0
620.0
722.0
839.0
848.0
855.0
860.0
866.0
803.0
23.0
34.0
39.0
81.0
108.0
160.0
189.0
378.0
525.0
549.0
577.0
591.0
639.0
815.0
1020.0
88.0
115.0
120.0
171.0
234.0
243.0
295.0
376.0
391.0
443.0
497.0
592.0
664.0
701.0
772.0
1012.0
930.0
44.0
52.0
54.0
248.0
265.0
326.0
368.0
485.0
768.0
839.0
855.0
860.0
866.0
988.0
999.0
57.0
35.0
49.0
50.0
170.0
181.0
263.0
354.0
453.0
458.0
462.0
740.0
858.0
878.0
927.0
992.0
715.0
162.0
369.0
384.0
424.0
455.0
472.0
523.0
552.0
606.0
729.0
760.0
789.0
810.0
834.0
847.0
69.0
33.0
71.0
142.0
313.0
334.0
336.0
347.0
425.0
449.0
636.0
656.0
709.0
921.0
934.0
1011.0
837.0
47.0
64.0
91.0
126.0
139.0
292.0
409.0
489.0
512.0
551.0
737.0
792.0
832.0
936.0
1000.0
364.0
102.0
137.0
138.0
202.0
284.0
297.0
324.0
464.0
597.0
605.0
626.0
681.0
684.0
818.0
843.0
163.0
47.0
98.0
169.0
172.0
252.0
413.0
531.0
535.0
582.0
595.0
598.0
674.0
828.0
977.0
185.0
362.0
22.0
48.0
126.0
153.0
292.0
314.0
365.0
512.0
551.0
579.0
642.0
668.0
687.0
748.0
832.0
4.0
28.0
147.0
149.0
161.0
185.0
243.0
376.0
443.0
457.0
569.0
582.0
664.0
688.0
707.0
929.0
653.0
28.0
51.0
149.0
174.0
185.0
201.0
243.0
283.0
318.0
376.0
707.0
753.0
819.0
853.0
929.0
701.0
0.0
145.0
157.0
219.0
231.0
234.0
240.0
271.0
407.0
627.0
801.0
803.0
905.0
943.0
953.0
785.0
219.0
231.0
247.0
281.0
393.0
402.0
407.0
442.0
562.0
625.0
627.0
785.0
861.0
919.0
953.0
736.0
43.0
156.0
246.0
254.0
309.0
356.0
416.0
476.0
526.0
661.0
720.0
881.0
882.0
952.0
982.0
69.0
34.0
42.0
57.0
76.0
189.0
248.0
290.0
378.0
549.0
625.0
639.0
672.0
796.0
815.0
999.0
160.0
8.0
197.0
200.0
204.0
226.0
339.0
488.0
616.0
745.0
759.0
876.0
898.0
940.0
987.0
1004.0
213.0
30.0
36.0
316.0
413.0
457.0
513.0
581.0
582.0
609.0
722.0
746.0
827.0
903.0
904.0
966.0
161.0
12.0
14.0
53.0
86.0
150.0
230.0
250.0
255.0
345.0
479.0
547.0
678.0
721.0
931.0
1013.0
477.0
70.0
146.0
214.0
245.0
624.0
629.0
677.0
710.0
736.0
868.0
910.0
938.0
975.0
976.0
993.0
590.0
169.0
175.0
227.0
353.0
355.0
373.0
413.0
417.0
429.0
461.0
509.0
598.0
854.0
985.0
1014.0
338.0
12.0
53.0
86.0
114.0
125.0
164.0
250.0
299.0
335.0
345.0
348.0
501.0
769.0
923.0
931.0
678.0
37.0
80.0
147.0
234.0
242.0
243.0
391.0
398.0
443.0
522.0
569.0
688.0
801.0
930.0
943.0
803.0
131.0
132.0
143.0
209.0
220.0
221.0
301.0
427.0
593.0
697.0
752.0
754.0
755.0
884.0
979.0
969.0
178.0
268.0
325.0
351.0
382.0
537.0
816.0
862.0
891.0
906.0
911.0
925.0
956.0
984.0
1021.0
608.0
112.0
187.0
279.0
319.0
333.0
372.0
468.0
584.0
638.0
679.0
719.0
766.0
782.0
784.0
974.0
543.0
80.0
89.0
135.0
147.0
267.0
327.0
338.0
398.0
457.0
461.0
522.0
569.0
653.0
688.0
887.0
413.0
69.0
130.0
309.0
342.0
472.0
523.0
529.0
597.0
599.0
681.0
684.0
720.0
789.0
807.0
847.0
818.0
100.0
107.0
154.0
193.0
244.0
293.0
375.0
385.0
396.0
544.0
607.0
633.0
775.0
786.0
838.0
689.0
17.0
19.0
110.0
133.0
191.0
340.0
433.0
515.0
563.0
767.0
824.0
856.0
879.0
890.0
935.0
499.0
12.0
14.0
53.0
86.0
150.0
230.0
250.0
255.0
345.0
479.0
547.0
678.0
721.0
931.0
1013.0
477.0
12.0
14.0
53.0
86.0
150.0
230.0
250.0
345.0
477.0
501.0
547.0
678.0
931.0
1013.0
1018.0
255.0
14.0
53.0
63.0
86.0
106.0
228.0
230.0
250.0
477.0
501.0
547.0
678.0
931.0
1013.0
1018.0
725.0
10.0
43.0
246.0
344.0
356.0
476.0
556.0
661.0
673.0
691.0
699.0
728.0
881.0
882.0
952.0
606.0
55.0
90.0
94.0
127.0
129.0
180.0
223.0
399.0
420.0
566.0
574.0
602.0
612.0
812.0
846.0
899.0
42.0
57.0
76.0
208.0
290.0
326.0
378.0
434.0
485.0
549.0
625.0
672.0
796.0
892.0
999.0
134.0
78.0
93.0
99.0
285.0
331.0
455.0
465.0
552.0
567.0
586.0
611.0
670.0
682.0
826.0
996.0
834.0
153.0
188.0
192.0
239.0
259.0
314.0
317.0
392.0
459.0
528.0
687.0
692.0
716.0
730.0
788.0
937.0
7.0
241.0
264.0
303.0
406.0
426.0
431.0
492.0
505.0
676.0
738.0
814.0
896.0
954.0
986.0
717.0
82.0
197.0
213.0
319.0
339.0
401.0
543.0
573.0
589.0
679.0
758.0
759.0
850.0
871.0
940.0
898.0
112.0
187.0
279.0
319.0
333.0
372.0
468.0
584.0
638.0
679.0
719.0
766.0
782.0
784.0
974.0
543.0
42.0
109.0
117.0
134.0
176.0
265.0
276.0
290.0
326.0
421.0
434.0
485.0
617.0
768.0
913.0
248.0
69.0
130.0
309.0
342.0
472.0
523.0
529.0
597.0
599.0
681.0
684.0
720.0
789.0
807.0
847.0
818.0
41.0
96.0
105.0
244.0
282.0
346.0
379.0
397.0
408.0
422.0
446.0
542.0
607.0
742.0
889.0
18.0
75.0
113.0
122.0
152.0
286.0
389.0
458.0
475.0
484.0
524.0
572.0
610.0
618.0
698.0
821.0
927.0
32.0
312.0
351.0
558.0
622.0
623.0
682.0
686.0
751.0
776.0
908.0
914.0
984.0
996.0
1003.0
116.0
23.0
34.0
39.0
81.0
88.0
108.0
160.0
436.0
437.0
525.0
576.0
577.0
591.0
859.0
1020.0
777.0
84.0
144.0
179.0
233.0
433.0
499.0
534.0
757.0
796.0
879.0
892.0
935.0
981.0
1001.0
276.0
515.0
42.0
57.0
76.0
208.0
290.0
326.0
378.0
434.0
485.0
549.0
625.0
672.0
796.0
892.0
999.0
134.0
107.0
222.0
293.0
377.0
410.0
467.0
520.0
544.0
633.0
689.0
727.0
732.0
863.0
941.0
944.0
62.0
82.0
197.0
213.0
339.0
543.0
573.0
589.0
679.0
758.0
759.0
850.0
871.0
898.0
940.0
987.0
8.0
0.0
16.0
145.0
157.0
208.0
225.0
231.0
240.0
262.0
271.0
539.0
627.0
773.0
785.0
953.0
803.0
42.0
57.0
76.0
208.0
290.0
326.0
378.0
434.0
485.0
549.0
625.0
672.0
796.0
892.0
999.0
134.0
219.0
231.0
247.0
281.0
393.0
402.0
407.0
442.0
562.0
625.0
627.0
785.0
861.0
919.0
953.0
736.0
13.0
118.0
198.0
371.0
386.0
430.0
506.0
700.0
723.0
845.0
876.0
933.0
970.0
1008.0
1022.0
412.0
153.0
188.0
192.0
259.0
304.0
314.0
317.0
459.0
528.0
687.0
730.0
788.0
851.0
902.0
995.0
716.0
178.0
268.0
325.0
351.0
382.0
537.0
816.0
862.0
891.0
906.0
911.0
925.0
956.0
984.0
1021.0
608.0
78.0
93.0
99.0
285.0
331.0
455.0
465.0
552.0
567.0
586.0
611.0
670.0
682.0
826.0
996.0
834.0
6.0
41.0
96.0
105.0
244.0
346.0
375.0
379.0
396.0
408.0
542.0
607.0
742.0
786.0
897.0
775.0
78.0
93.0
99.0
311.0
312.0
331.0
465.0
553.0
611.0
622.0
670.0
682.0
826.0
996.0
1003.0
567.0
56.0
87.0
141.0
159.0
195.0
342.0
508.0
529.0
530.0
599.0
684.0
763.0
795.0
807.0
1015.0
720.0
75.0
90.0
98.0
120.0
225.0
257.0
293.0
352.0
367.0
493.0
552.0
590.0
693.0
790.0
862.0
881.0
4.0
10.0
146.0
311.0
383.0
408.0
415.0
459.0
518.0
570.0
666.0
760.0
780.0
970.0
1001.0
623.0
59.0
89.0
255.0
278.0
418.0
433.0
458.0
519.0
617.0
620.0
646.0
752.0
821.0
876.0
998.0
466.0
9.0
22.0
104.0
114.0
203.0
246.0
344.0
371.0
417.0
551.0
566.0
660.0
769.0
1011.0
812.0
825.0
13.0
24.0
47.0
86.0
163.0
540.0
577.0
659.0
703.0
763.0
858.0
884.0
901.0
974.0
1003.0
244.0
20.0
91.0
179.0
279.0
320.0
400.0
426.0
474.0
719.0
738.0
818.0
827.0
883.0
968.0
984.0
892.0
126.0
153.0
186.0
191.0
217.0
240.0
454.0
478.0
486.0
562.0
626.0
634.0
678.0
699.0
755.0
806.0
13.0
66.0
86.0
163.0
178.0
319.0
391.0
418.0
438.0
501.0
617.0
703.0
901.0
949.0
974.0
387.0
92.0
205.0
280.0
321.0
341.0
389.0
442.0
505.0
539.0
622.0
697.0
782.0
809.0
854.0
859.0
794.0
41.0
124.0
136.0
176.0
192.0
559.0
606.0
633.0
727.0
811.0
852.0
913.0
933.0
965.0
1002.0
81.0
12.0
15.0
16.0
45.0
84.0
100.0
476.0
496.0
516.0
591.0
650.0
786.0
863.0
996.0
1010.0
686.0
82.0
244.0
251.0
262.0
288.0
336.0
484.0
491.0
510.0
540.0
568.0
597.0
921.0
932.0
959.0
982.0
92.0
205.0
280.0
321.0
341.0
389.0
442.0
505.0
539.0
622.0
697.0
782.0
809.0
854.0
859.0
794.0
3.0
29.0
164.0
224.0
254.0
302.0
350.0
386.0
588.0
654.0
735.0
800.0
889.0
917.0
923.0
567.0
125.0
203.0
246.0
322.0
344.0
368.0
407.0
417.0
684.0
785.0
825.0
866.0
870.0
1011.0
1016.0
114.0
88.0
189.0
196.0
269.0
305.0
307.0
378.0
382.0
531.0
536.0
589.0
687.0
729.0
823.0
571.0
773.0
49.0
110.0
216.0
247.0
272.0
286.0
400.0
474.0
512.0
582.0
867.0
890.0
892.0
984.0
1012.0
599.0
65.0
108.0
151.0
185.0
188.0
200.0
285.0
414.0
436.0
508.0
643.0
689.0
721.0
850.0
919.0
317.0
5.0
137.0
158.0
181.0
212.0
275.0
276.0
434.0
576.0
812.0
868.0
909.0
956.0
987.0
1009.0
443.0
67.0
68.0
73.0
116.0
159.0
197.0
215.0
242.0
289.0
294.0
487.0
715.0
771.0
799.0
961.0
938.0
49.0
110.0
247.0
272.0
286.0
400.0
474.0
512.0
599.0
738.0
867.0
890.0
892.0
984.0
1012.0
279.0
59.0
101.0
139.0
154.0
228.0
278.0
343.0
466.0
541.0
621.0
637.0
709.0
776.0
843.0
936.0
265.0
3.0
29.0
164.0
224.0
254.0
302.0
350.0
386.0
588.0
654.0
735.0
800.0
889.0
917.0
923.0
567.0
30.0
32.0
107.0
198.0
250.0
313.0
324.0
422.0
449.0
537.0
594.0
667.0
674.0
774.0
857.0
465.0
59.0
101.0
139.0
228.0
265.0
278.0
343.0
466.0
519.0
620.0
621.0
709.0
779.0
843.0
936.0
255.0
3.0
29.0
164.0
223.0
254.0
386.0
567.0
588.0
654.0
664.0
735.0
800.0
889.0
945.0
948.0
40.0
70.0
99.0
124.0
188.0
192.0
200.0
202.0
285.0
436.0
508.0
689.0
706.0
811.0
913.0
919.0
721.0
36.0
58.0
138.0
249.0
274.0
296.0
332.0
479.0
492.0
500.0
670.0
718.0
835.0
977.0
430.0
803.0
52.0
117.0
170.0
190.0
301.0
380.0
405.0
530.0
604.0
608.0
701.0
775.0
845.0
853.0
986.0
470.0
87.0
96.0
109.0
134.0
220.0
310.0
446.0
688.0
707.0
795.0
815.0
828.0
834.0
842.0
981.0
656.0
6.0
50.0
132.0
227.0
385.0
419.0
439.0
453.0
640.0
737.0
743.0
749.0
757.0
778.0
861.0
283.0
24.0
163.0
169.0
387.0
467.0
473.0
561.0
577.0
607.0
658.0
723.0
858.0
901.0
998.0
1003.0
358.0
49.0
110.0
216.0
247.0
272.0
286.0
400.0
474.0
512.0
582.0
867.0
890.0
892.0
984.0
1012.0
599.0
17.0
63.0
135.0
209.0
237.0
256.0
477.0
489.0
535.0
574.0
726.0
796.0
894.0
895.0
929.0
513.0
171.0
175.0
180.0
322.0
392.0
450.0
482.0
529.0
627.0
648.0
710.0
711.0
808.0
368.0
407.0
805.0
46.0
66.0
284.0
309.0
377.0
418.0
452.0
501.0
602.0
644.0
797.0
821.0
914.0
916.0
949.0
703.0
20.0
91.0
179.0
279.0
320.0
400.0
426.0
474.0
719.0
738.0
818.0
827.0
892.0
968.0
1012.0
984.0
60.0
145.0
195.0
457.0
578.0
595.0
598.0
631.0
642.0
665.0
756.0
762.0
875.0
973.0
991.0
549.0
6.0
50.0
132.0
227.0
385.0
419.0
439.0
453.0
640.0
737.0
743.0
749.0
757.0
778.0
861.0
283.0
34.0
118.0
257.0
316.0
352.0
367.0
483.0
521.0
601.0
693.0
790.0
862.0
877.0
881.0
947.0
111.0
71.0
78.0
96.0
174.0
210.0
220.0
231.0
295.0
355.0
425.0
565.0
656.0
750.0
815.0
828.0
234.0
19.0
71.0
87.0
109.0
134.0
162.0
220.0
348.0
390.0
425.0
544.0
707.0
795.0
828.0
993.0
498.0
25.0
119.0
131.0
157.0
177.0
183.0
420.0
444.0
475.0
673.0
822.0
907.0
943.0
972.0
406.0
575.0
63.0
135.0
147.0
209.0
237.0
241.0
535.0
630.0
641.0
653.0
796.0
832.0
856.0
882.0
895.0
680.0
48.0
208.0
253.0
341.0
533.0
712.0
766.0
794.0
854.0
855.0
859.0
985.0
995.0
1018.0
205.0
280.0
19.0
38.0
162.0
204.0
248.0
348.0
390.0
432.0
460.0
514.0
544.0
655.0
939.0
992.0
993.0
498.0
13.0
46.0
66.0
178.0
284.0
387.0
418.0
452.0
501.0
602.0
703.0
821.0
901.0
949.0
309.0
391.0
41.0
81.0
99.0
136.0
192.0
436.0
508.0
606.0
727.0
792.0
811.0
817.0
913.0
933.0
960.0
176.0
104.0
114.0
125.0
203.0
246.0
344.0
371.0
506.0
536.0
585.0
671.0
751.0
761.0
785.0
1011.0
366.0
9.0
22.0
104.0
114.0
203.0
246.0
344.0
371.0
417.0
551.0
566.0
660.0
769.0
1011.0
812.0
825.0
36.0
58.0
138.0
249.0
274.0
296.0
332.0
479.0
492.0
500.0
670.0
718.0
835.0
977.0
430.0
803.0
17.0
63.0
135.0
209.0
237.0
256.0
477.0
489.0
535.0
574.0
726.0
796.0
894.0
895.0
929.0
513.0
31.0
130.0
172.0
255.0
260.0
333.0
433.0
458.0
620.0
746.0
752.0
842.0
876.0
944.0
990.0
579.0
41.0
70.0
81.0
99.0
124.0
136.0
192.0
200.0
285.0
436.0
508.0
811.0
817.0
913.0
960.0
933.0
17.0
63.0
135.0
147.0
209.0
237.0
241.0
535.0
600.0
630.0
653.0
680.0
796.0
856.0
895.0
882.0
20.0
91.0
179.0
279.0
320.0
400.0
426.0
474.0
719.0
738.0
818.0
827.0
892.0
968.0
1012.0
984.0
72.0
151.0
168.0
187.0
317.0
405.0
414.0
488.0
587.0
608.0
613.0
643.0
698.0
721.0
845.0
604.0
43.0
77.0
274.0
336.0
373.0
430.0
510.0
545.0
568.0
714.0
836.0
932.0
953.0
982.0
1015.0
670.0
9.0
22.0
104.0
114.0
203.0
246.0
344.0
371.0
417.0
551.0
566.0
660.0
769.0
1011.0
812.0
825.0
14.0
28.0
155.0
229.0
361.0
364.0
376.0
393.0
509.0
511.0
522.0
629.0
789.0
979.0
999.0
353.0
59.0
101.0
139.0
228.0
238.0
265.0
343.0
375.0
466.0
621.0
676.0
709.0
776.0
843.0
936.0
154.0
65.0
70.0
72.0
108.0
151.0
188.0
200.0
202.0
285.0
613.0
643.0
689.0
706.0
721.0
919.0
508.0
19.0
115.0
134.0
162.0
204.0
248.0
348.0
390.0
432.0
498.0
514.0
544.0
926.0
992.0
993.0
983.0
1.0
80.0
154.0
201.0
211.0
223.0
391.0
447.0
463.0
541.0
772.0
819.0
826.0
885.0
945.0
676.0
129.0
211.0
222.0
401.0
411.0
413.0
437.0
447.0
527.0
615.0
652.0
732.0
819.0
863.0
885.0
945.0
59.0
89.0
255.0
278.0
387.0
418.0
519.0
617.0
621.0
646.0
779.0
821.0
901.0
998.0
265.0
752.0
19.0
115.0
134.0
162.0
204.0
248.0
348.0
390.0
432.0
498.0
514.0
544.0
926.0
992.0
993.0
983.0
9.0
22.0
104.0
114.0
203.0
246.0
344.0
371.0
417.0
551.0
566.0
660.0
769.0
1011.0
812.0
825.0
4.0
18.0
27.0
160.0
263.0
311.0
335.0
408.0
415.0
499.0
518.0
623.0
666.0
830.0
851.0
802.0
24.0
290.0
404.0
410.0
473.0
577.0
625.0
659.0
680.0
723.0
763.0
803.0
858.0
884.0
1003.0
163.0
112.0
219.0
230.0
283.0
345.0
358.0
504.0
532.0
561.0
605.0
607.0
658.0
737.0
757.0
903.0
749.0
49.0
110.0
216.0
247.0
272.0
286.0
400.0
474.0
512.0
582.0
867.0
890.0
892.0
984.0
1012.0
599.0
36.0
58.0
249.0
274.0
332.0
373.0
430.0
479.0
500.0
670.0
714.0
718.0
835.0
977.0
982.0
77.0
63.0
135.0
147.0
209.0
236.0
241.0
252.0
339.0
535.0
600.0
630.0
653.0
680.0
796.0
856.0
895.0
67.0
68.0
73.0
116.0
159.0
197.0
215.0
242.0
289.0
294.0
362.0
487.0
715.0
961.0
1022.0
266.0
125.0
203.0
246.0
344.0
536.0
585.0
684.0
705.0
761.0
770.0
785.0
788.0
866.0
870.0
1011.0
417.0
29.0
40.0
201.0
223.0
254.0
298.0
374.0
463.0
567.0
581.0
654.0
664.0
800.0
889.0
948.0
164.0
90.0
98.0
120.0
257.0
293.0
352.0
367.0
493.0
521.0
590.0
693.0
790.0
862.0
877.0
881.0
34.0
88.0
189.0
196.0
269.0
305.0
307.0
378.0
382.0
531.0
536.0
589.0
687.0
729.0
823.0
571.0
773.0
59.0
89.0
255.0
278.0
418.0
433.0
458.0
519.0
617.0
620.0
646.0
752.0
821.0
876.0
998.0
466.0
94.0
103.0
297.0
341.0
421.0
442.0
471.0
480.0
533.0
759.0
781.0
782.0
787.0
794.0
966.0
1020.0
53.0
138.0
236.0
252.0
271.0
296.0
339.0
404.0
479.0
492.0
600.0
653.0
680.0
803.0
977.0
241.0
112.0
169.0
219.0
230.0
345.0
358.0
467.0
504.0
532.0
561.0
605.0
607.0
658.0
990.0
998.0
130.0
49.0
110.0
216.0
247.0
272.0
286.0
400.0
512.0
599.0
810.0
867.0
890.0
892.0
984.0
1012.0
582.0
65.0
72.0
108.0
151.0
185.0
188.0
200.0
285.0
301.0
317.0
414.0
488.0
721.0
730.0
850.0
587.0
157.0
183.0
312.0
455.0
475.0
485.0
491.0
542.0
628.0
672.0
677.0
822.0
907.0
942.0
1013.0
25.0
129.0
211.0
222.0
401.0
411.0
413.0
437.0
447.0
527.0
615.0
652.0
732.0
819.0
863.0
885.0
945.0
31.0
130.0
172.0
260.0
299.0
310.0
333.0
446.0
460.0
707.0
746.0
834.0
842.0
944.0
688.0
795.0
44.0
67.0
68.0
116.0
159.0
197.0
215.0
235.0
242.0
266.0
289.0
715.0
938.0
961.0
1022.0
799.0
1.0
80.0
154.0
201.0
211.0
223.0
391.0
447.0
463.0
541.0
772.0
819.0
826.0
885.0
945.0
676.0
80.0
101.0
139.0
154.0
211.0
343.0
463.0
541.0
676.0
772.0
776.0
819.0
826.0
936.0
945.0
447.0
19.0
38.0
162.0
204.0
248.0
348.0
390.0
432.0
460.0
514.0
544.0
655.0
939.0
992.0
993.0
498.0
173.0
175.0
207.0
239.0
326.0
424.0
616.0
627.0
632.0
695.0
710.0
754.0
805.0
844.0
989.0
657.0
90.0
98.0
120.0
257.0
293.0
352.0
367.0
493.0
521.0
590.0
693.0
790.0
862.0
877.0
881.0
34.0
35.0
64.0
235.0
294.0
337.0
669.0
768.0
771.0
799.0
893.0
897.0
961.0
978.0
1017.0
289.0
304.0
1.0
80.0
154.0
201.0
223.0
298.0
309.0
391.0
447.0
463.0
501.0
541.0
772.0
885.0
945.0
664.0
29.0
40.0
201.0
223.0
254.0
298.0
374.0
463.0
567.0
581.0
654.0
664.0
800.0
889.0
948.0
164.0
88.0
189.0
305.0
331.0
382.0
465.0
682.0
687.0
729.0
764.0
823.0
839.0
857.0
969.0
971.0
378.0
165.0
193.0
221.0
268.0
292.0
369.0
429.0
469.0
472.0
572.0
592.0
611.0
618.0
758.0
988.0
406.0
76.0
302.0
374.0
441.0
588.0
634.0
645.0
654.0
678.0
704.0
767.0
889.0
917.0
955.0
980.0
224.0
14.0
152.0
315.0
329.0
393.0
507.0
509.0
522.0
614.0
624.0
731.0
906.0
910.0
999.0
1006.0
376.0
17.0
63.0
135.0
147.0
209.0
237.0
241.0
477.0
535.0
630.0
641.0
796.0
832.0
882.0
895.0
856.0
80.0
101.0
139.0
154.0
211.0
343.0
463.0
541.0
676.0
772.0
776.0
819.0
826.0
936.0
945.0
447.0
20.0
91.0
179.0
279.0
320.0
400.0
426.0
474.0
719.0
738.0
818.0
827.0
892.0
968.0
1012.0
984.0
11.0
153.0
186.0
372.0
381.0
638.0
696.0
745.0
783.0
806.0
878.0
899.0
950.0
957.0
975.0
636.0
182.0
226.0
340.0
346.0
359.0
515.0
546.0
556.0
573.0
683.0
791.0
871.0
924.0
930.0
1007.0
465.0
142.0
167.0
300.0
386.0
466.0
637.0
700.0
709.0
733.0
735.0
753.0
843.0
847.0
902.0
951.0
525.0
63.0
105.0
135.0
147.0
209.0
237.0
398.0
477.0
630.0
641.0
796.0
832.0
856.0
882.0
964.0
517.0
126.0
153.0
186.0
191.0
217.0
240.0
454.0
478.0
486.0
562.0
626.0
634.0
678.0
699.0
755.0
806.0
17.0
63.0
135.0
209.0
237.0
256.0
477.0
489.0
535.0
574.0
726.0
796.0
894.0
895.0
929.0
513.0
104.0
114.0
125.0
203.0
246.0
344.0
371.0
506.0
536.0
585.0
671.0
751.0
761.0
785.0
1011.0
366.0
19.0
38.0
162.0
204.0
248.0
348.0
390.0
432.0
460.0
514.0
544.0
655.0
939.0
992.0
993.0
498.0
12.0
15.0
16.0
84.0
100.0
476.0
496.0
553.0
603.0
650.0
686.0
775.0
897.0
996.0
1010.0
701.0
63.0
105.0
135.0
147.0
209.0
237.0
398.0
477.0
630.0
641.0
796.0
832.0
856.0
882.0
964.0
517.0
65.0
70.0
81.0
99.0
124.0
188.0
200.0
285.0
436.0
508.0
689.0
706.0
811.0
817.0
960.0
913.0
46.0
66.0
284.0
309.0
377.0
418.0
452.0
501.0
602.0
644.0
797.0
821.0
914.0
916.0
949.0
703.0
11.0
126.0
153.0
186.0
191.0
372.0
478.0
486.0
562.0
626.0
783.0
806.0
878.0
922.0
950.0
755.0
85.0
102.0
149.0
258.0
370.0
494.0
619.0
717.0
747.0
777.0
813.0
831.0
896.0
912.0
918.0
520.0
75.0
90.0
120.0
225.0
245.0
293.0
468.0
493.0
499.0
552.0
590.0
675.0
736.0
802.0
997.0
335.0
44.0
67.0
68.0
116.0
159.0
197.0
215.0
235.0
242.0
266.0
289.0
715.0
938.0
961.0
1022.0
799.0
8.0
39.0
143.0
206.0
485.0
517.0
542.0
690.0
694.0
849.0
865.0
940.0
941.0
1013.0
238.0
398.0
0.0
37.0
149.0
328.0
435.0
520.0
612.0
804.0
813.0
831.0
840.0
900.0
912.0
918.0
937.0
494.0
65.0
70.0
72.0
108.0
151.0
188.0
200.0
202.0
285.0
613.0
643.0
689.0
706.0
721.0
919.0
508.0
38.0
111.0
115.0
128.0
316.0
432.0
483.0
498.0
524.0
601.0
887.0
926.0
947.0
983.0
992.0
204.0
142.0
167.0
300.0
386.0
466.0
637.0
700.0
709.0
733.0
735.0
753.0
843.0
847.0
902.0
951.0
525.0
41.0
81.0
99.0
136.0
192.0
436.0
508.0
606.0
727.0
792.0
811.0
817.0
913.0
933.0
960.0
176.0
36.0
58.0
249.0
274.0
332.0
373.0
430.0
479.0
500.0
670.0
714.0
718.0
835.0
977.0
982.0
77.0
142.0
167.0
260.0
300.0
433.0
466.0
519.0
525.0
579.0
620.0
753.0
843.0
847.0
902.0
951.0
550.0
33.0
121.0
150.0
166.0
287.0
323.0
372.0
635.0
636.0
638.0
696.0
745.0
814.0
833.0
838.0
899.0
35.0
44.0
64.0
129.0
235.0
337.0
543.0
593.0
669.0
768.0
799.0
893.0
938.0
978.0
1017.0
996.0
83.0
171.0
180.0
184.0
318.0
392.0
407.0
434.0
482.0
529.0
576.0
627.0
711.0
724.0
868.0
710.0
35.0
44.0
64.0
159.0
197.0
215.0
235.0
242.0
289.0
294.0
799.0
893.0
938.0
961.0
1017.0
978.0
67.0
68.0
116.0
159.0
190.0
197.0
235.0
242.0
289.0
294.0
304.0
399.0
715.0
799.0
961.0
938.0
82.0
244.0
251.0
262.0
288.0
336.0
484.0
491.0
510.0
540.0
568.0
597.0
921.0
932.0
959.0
982.0
142.0
167.0
260.0
300.0
433.0
466.0
519.0
525.0
579.0
620.0
753.0
843.0
847.0
902.0
951.0
550.0
2.0
56.0
148.0
199.0
264.0
538.0
583.0
584.0
609.0
748.0
760.0
841.0
880.0
976.0
1019.0
1001.0
60.0
308.0
349.0
357.0
427.0
549.0
578.0
595.0
642.0
725.0
762.0
879.0
928.0
954.0
973.0
875.0
38.0
111.0
115.0
128.0
162.0
204.0
248.0
390.0
432.0
483.0
498.0
524.0
926.0
983.0
992.0
348.0
20.0
91.0
179.0
279.0
320.0
400.0
426.0
474.0
719.0
738.0
818.0
827.0
883.0
968.0
984.0
892.0
14.0
152.0
315.0
318.0
329.0
481.0
624.0
647.0
731.0
805.0
837.0
906.0
927.0
979.0
999.0
956.0
24.0
290.0
404.0
410.0
473.0
577.0
625.0
659.0
680.0
723.0
763.0
803.0
858.0
884.0
1003.0
163.0
62.0
106.0
127.0
156.0
233.0
261.0
314.0
325.0
360.0
464.0
722.0
744.0
920.0
1005.0
1023.0
807.0
5.0
137.0
158.0
181.0
212.0
275.0
276.0
434.0
576.0
812.0
868.0
909.0
956.0
987.0
1009.0
443.0
75.0
90.0
98.0
120.0
225.0
257.0
293.0
352.0
367.0
493.0
552.0
590.0
693.0
790.0
862.0
881.0
121.0
123.0
150.0
166.0
218.0
224.0
243.0
302.0
350.0
456.0
700.0
733.0
833.0
847.0
902.0
656.0
121.0
123.0
150.0
166.0
218.0
224.0
243.0
302.0
350.0
456.0
700.0
733.0
833.0
847.0
902.0
656.0
119.0
189.0
196.0
269.0
307.0
378.0
420.0
462.0
575.0
589.0
673.0
729.0
823.0
908.0
972.0
531.0
12.0
15.0
16.0
84.0
100.0
476.0
496.0
553.0
603.0
650.0
686.0
775.0
897.0
996.0
1010.0
701.0
1.0
80.0
154.0
201.0
223.0
298.0
309.0
391.0
447.0
463.0
501.0
541.0
772.0
885.0
945.0
664.0
85.0
102.0
149.0
328.0
494.0
520.0
619.0
717.0
747.0
777.0
813.0
831.0
896.0
912.0
918.0
370.0
67.0
68.0
73.0
116.0
215.0
242.0
266.0
362.0
487.0
713.0
715.0
810.0
891.0
905.0
1022.0
159.0
35.0
44.0
64.0
129.0
235.0
337.0
543.0
593.0
669.0
768.0
799.0
893.0
938.0
978.0
1017.0
996.0
30.0
32.0
107.0
183.0
198.0
312.0
324.0
388.0
546.0
556.0
594.0
667.0
774.0
907.0
942.0
157.0
20.0
91.0
179.0
279.0
320.0
400.0
426.0
474.0
719.0
738.0
818.0
827.0
883.0
968.0
984.0
892.0
119.0
189.0
196.0
269.0
307.0
378.0
420.0
462.0
575.0
589.0
673.0
729.0
823.0
908.0
972.0
531.0
126.0
186.0
217.0
240.0
454.0
526.0
562.0
678.0
699.0
767.0
806.0
869.0
899.0
955.0
980.0
153.0
8.0
143.0
211.0
312.0
342.0
388.0
447.0
495.0
676.0
690.0
826.0
865.0
940.0
941.0
1013.0
542.0
85.0
102.0
149.0
328.0
494.0
520.0
619.0
717.0
747.0
777.0
813.0
831.0
896.0
912.0
918.0
370.0
125.0
203.0
246.0
344.0
536.0
585.0
684.0
705.0
761.0
770.0
785.0
788.0
866.0
870.0
1011.0
417.0
165.0
221.0
268.0
291.0
292.0
369.0
429.0
469.0
572.0
592.0
611.0
618.0
758.0
786.0
523.0
740.0
157.0
183.0
312.0
455.0
475.0
485.0
491.0
542.0
628.0
672.0
677.0
822.0
907.0
942.0
1013.0
25.0
69.0
82.0
251.0
262.0
288.0
336.0
490.0
510.0
540.0
597.0
720.0
836.0
921.0
932.0
959.0
51.0
23.0
62.0
122.0
127.0
156.0
232.0
325.0
377.0
557.0
558.0
564.0
846.0
916.0
920.0
925.0
233.0
67.0
68.0
116.0
159.0
197.0
215.0
235.0
242.0
266.0
289.0
294.0
715.0
938.0
961.0
1022.0
487.0
12.0
15.0
16.0
84.0
100.0
476.0
496.0
553.0
603.0
650.0
686.0
775.0
897.0
996.0
1010.0
701.0
17.0
63.0
135.0
147.0
209.0
237.0
241.0
477.0
535.0
630.0
641.0
796.0
832.0
882.0
895.0
856.0
2.0
56.0
148.0
199.0
264.0
538.0
583.0
584.0
609.0
748.0
760.0
841.0
880.0
976.0
1019.0
1001.0
49.0
110.0
216.0
247.0
272.0
286.0
400.0
474.0
512.0
582.0
867.0
890.0
892.0
984.0
1012.0
599.0
43.0
77.0
274.0
336.0
373.0
430.0
510.0
545.0
568.0
714.0
836.0
932.0
953.0
982.0
1015.0
670.0
35.0
44.0
64.0
197.0
235.0
289.0
337.0
543.0
593.0
771.0
799.0
893.0
938.0
1004.0
1017.0
978.0
92.0
205.0
280.0
321.0
341.0
389.0
442.0
505.0
539.0
622.0
697.0
782.0
809.0
854.0
859.0
794.0
15.0
16.0
45.0
84.0
100.0
413.0
476.0
496.0
516.0
650.0
686.0
786.0
863.0
996.0
1010.0
591.0
41.0
81.0
99.0
136.0
192.0
436.0
508.0
606.0
727.0
792.0
811.0
817.0
913.0
933.0
960.0
176.0
71.0
87.0
96.0
109.0
134.0
174.0
210.0
220.0
355.0
425.0
565.0
656.0
750.0
815.0
828.0
707.0
24.0
163.0
169.0
387.0
467.0
473.0
561.0
577.0
607.0
658.0
723.0
858.0
901.0
998.0
1003.0
358.0
13.0
46.0
66.0
178.0
284.0
387.0
418.0
452.0
501.0
602.0
703.0
821.0
901.0
949.0
309.0
391.0
19.0
38.0
162.0
204.0
248.0
348.0
390.0
432.0
460.0
514.0
544.0
655.0
939.0
992.0
993.0
498.0
49.0
110.0
247.0
272.0
286.0
400.0
474.0
512.0
599.0
738.0
867.0
890.0
892.0
984.0
1012.0
279.0
10.0
146.0
199.0
311.0
383.0
459.0
570.0
584.0
666.0
748.0
760.0
780.0
841.0
970.0
1001.0
56.0
30.0
32.0
107.0
198.0
250.0
313.0
324.0
422.0
449.0
537.0
594.0
667.0
674.0
774.0
857.0
465.0
35.0
44.0
64.0
159.0
197.0
215.0
235.0
242.0
289.0
294.0
799.0
893.0
938.0
961.0
1017.0
978.0
131.0
177.0
183.0
268.0
406.0
546.0
555.0
569.0
572.0
673.0
758.0
872.0
907.0
915.0
943.0
39.0
94.0
103.0
297.0
341.0
421.0
442.0
471.0
480.0
533.0
759.0
781.0
782.0
787.0
794.0
966.0
1020.0
126.0
186.0
217.0
240.0
454.0
478.0
562.0
634.0
678.0
699.0
704.0
767.0
955.0
980.0
76.0
441.0
16.0
45.0
84.0
100.0
291.0
396.0
429.0
437.0
476.0
591.0
650.0
740.0
786.0
863.0
1010.0
165.0
63.0
105.0
135.0
147.0
209.0
237.0
398.0
477.0
630.0
641.0
796.0
832.0
856.0
882.0
964.0
517.0
26.0
95.0
176.0
347.0
431.0
559.0
596.0
606.0
633.0
742.0
792.0
852.0
965.0
994.0
1002.0
727.0
83.0
180.0
184.0
392.0
407.0
482.0
576.0
724.0
769.0
812.0
825.0
868.0
987.0
1016.0
434.0
551.0
83.0
180.0
184.0
392.0
407.0
434.0
481.0
482.0
576.0
711.0
724.0
769.0
825.0
868.0
987.0
181.0
53.0
58.0
138.0
236.0
249.0
252.0
271.0
296.0
339.0
404.0
479.0
492.0
803.0
835.0
977.0
332.0
32.0
250.0
277.0
313.0
449.0
537.0
554.0
594.0
657.0
674.0
677.0
695.0
739.0
829.0
934.0
971.0
5.0
137.0
158.0
181.0
275.0
276.0
566.0
660.0
769.0
812.0
868.0
909.0
911.0
987.0
1009.0
351.0
47.0
163.0
244.0
274.0
332.0
430.0
484.0
500.0
540.0
568.0
577.0
803.0
858.0
884.0
982.0
659.0
75.0
90.0
98.0
120.0
225.0
257.0
293.0
352.0
468.0
493.0
552.0
590.0
693.0
736.0
790.0
862.0
4.0
10.0
18.0
27.0
160.0
311.0
383.0
408.0
415.0
518.0
570.0
623.0
666.0
830.0
970.0
851.0
171.0
175.0
239.0
326.0
424.0
450.0
482.0
529.0
627.0
710.0
764.0
773.0
805.0
989.0
392.0
648.0
42.0
144.0
155.0
173.0
207.0
214.0
315.0
361.0
511.0
632.0
647.0
801.0
927.0
979.0
999.0
51.0
113.0
139.0
143.0
228.0
238.0
265.0
375.0
412.0
495.0
676.0
765.0
776.0
793.0
865.0
941.0
936.0
0.0
37.0
85.0
102.0
149.0
328.0
435.0
494.0
520.0
813.0
831.0
840.0
900.0
912.0
918.0
777.0
85.0
102.0
149.0
258.0
370.0
494.0
619.0
717.0
747.0
777.0
813.0
831.0
896.0
912.0
918.0
520.0
33.0
121.0
150.0
166.0
287.0
323.0
372.0
635.0
636.0
638.0
696.0
745.0
814.0
833.0
838.0
899.0
17.0
63.0
135.0
147.0
209.0
237.0
241.0
535.0
600.0
630.0
653.0
680.0
796.0
856.0
895.0
882.0
36.0
58.0
138.0
249.0
274.0
296.0
332.0
479.0
492.0
500.0
670.0
718.0
835.0
977.0
430.0
803.0
121.0
123.0
150.0
166.0
350.0
456.0
550.0
565.0
656.0
700.0
733.0
833.0
847.0
902.0
981.0
692.0
62.0
106.0
122.0
127.0
156.0
233.0
261.0
314.0
325.0
558.0
564.0
722.0
744.0
920.0
1023.0
925.0
12.0
15.0
16.0
45.0
84.0
100.0
476.0
496.0
516.0
591.0
650.0
786.0
863.0
996.0
1010.0
686.0
9.0
22.0
104.0
114.0
246.0
256.0
363.0
366.0
371.0
403.0
551.0
566.0
660.0
751.0
911.0
344.0
8.0
143.0
211.0
312.0
342.0
388.0
447.0
495.0
676.0
690.0
826.0
865.0
940.0
941.0
1013.0
542.0
0.0
37.0
149.0
328.0
435.0
520.0
612.0
804.0
813.0
831.0
840.0
900.0
912.0
918.0
937.0
494.0
16.0
45.0
84.0
100.0
291.0
396.0
429.0
437.0
476.0
591.0
650.0
740.0
786.0
863.0
1010.0
165.0
20.0
91.0
179.0
279.0
320.0
400.0
426.0
474.0
719.0
738.0
818.0
827.0
883.0
968.0
984.0
892.0
2.0
56.0
146.0
148.0
199.0
264.0
459.0
584.0
609.0
748.0
760.0
841.0
880.0
1001.0
1019.0
780.0
8.0
133.0
211.0
222.0
312.0
388.0
401.0
411.0
447.0
502.0
527.0
652.0
732.0
826.0
885.0
30.0
8.0
39.0
143.0
206.0
485.0
517.0
542.0
690.0
694.0
849.0
865.0
940.0
941.0
1013.0
238.0
398.0
25.0
119.0
131.0
157.0
177.0
183.0
420.0
444.0
475.0
673.0
822.0
907.0
943.0
972.0
406.0
575.0
125.0
203.0
246.0
322.0
344.0
368.0
407.0
417.0
684.0
785.0
825.0
866.0
870.0
1011.0
1016.0
114.0
57.0
71.0
78.0
79.0
234.0
295.0
330.0
423.0
425.0
435.0
547.0
548.0
612.0
937.0
1008.0
355.0
90.0
98.0
120.0
257.0
293.0
352.0
367.0
493.0
521.0
590.0
693.0
790.0
862.0
877.0
881.0
34.0
43.0
77.0
274.0
327.0
353.0
364.0
409.0
430.0
629.0
714.0
718.0
789.0
836.0
953.0
1015.0
373.0
75.0
90.0
98.0
120.0
225.0
257.0
293.0
352.0
367.0
493.0
552.0
590.0
693.0
790.0
862.0
881.0
54.0
140.0
271.0
273.0
306.0
461.0
513.0
600.0
639.0
716.0
874.0
888.0
895.0
898.0
929.0
708.0
38.0
111.0
115.0
128.0
316.0
432.0
483.0
498.0
524.0
601.0
887.0
926.0
947.0
983.0
992.0
204.0
112.0
169.0
219.0
230.0
345.0
358.0
467.0
504.0
532.0
561.0
605.0
607.0
658.0
990.0
998.0
130.0
13.0
46.0
66.0
178.0
284.0
387.0
418.0
452.0
501.0
602.0
703.0
821.0
901.0
949.0
309.0
391.0
67.0
68.0
73.0
116.0
159.0
197.0
215.0
242.0
289.0
294.0
487.0
715.0
771.0
799.0
961.0
938.0
17.0
63.0
135.0
147.0
209.0
237.0
477.0
489.0
535.0
630.0
726.0
796.0
832.0
882.0
895.0
641.0
8.0
133.0
211.0
222.0
312.0
388.0
401.0
411.0
447.0
502.0
527.0
652.0
732.0
826.0
885.0
30.0
65.0
70.0
99.0
108.0
185.0
188.0
200.0
202.0
285.0
436.0
508.0
689.0
706.0
721.0
919.0
643.0
48.0
94.0
208.0
253.0
341.0
421.0
533.0
712.0
766.0
794.0
854.0
855.0
985.0
1018.0
1020.0
141.0
42.0
144.0
173.0
207.0
214.0
239.0
361.0
379.0
554.0
616.0
632.0
657.0
754.0
801.0
979.0
695.0
62.0
106.0
122.0
127.0
156.0
233.0
261.0
325.0
558.0
564.0
722.0
744.0
920.0
925.0
1023.0
232.0
4.0
10.0
146.0
311.0
383.0
408.0
415.0
459.0
518.0
570.0
666.0
760.0
780.0
970.0
1001.0
623.0
31.0
130.0
172.0
255.0
260.0
333.0
433.0
458.0
620.0
746.0
752.0
842.0
876.0
944.0
990.0
579.0
80.0
101.0
139.0
154.0
211.0
343.0
463.0
541.0
676.0
772.0
776.0
819.0
826.0
936.0
945.0
447.0
72.0
108.0
151.0
168.0
188.0
317.0
405.0
414.0
488.0
587.0
613.0
643.0
698.0
721.0
919.0
185.0
213.0
244.0
270.0
282.0
290.0
455.0
484.0
491.0
540.0
625.0
659.0
672.0
858.0
884.0
974.0
47.0
87.0
96.0
109.0
134.0
220.0
310.0
446.0
688.0
707.0
795.0
815.0
828.0
834.0
842.0
981.0
656.0
90.0
98.0
120.0
257.0
293.0
352.0
367.0
493.0
521.0
590.0
693.0
790.0
862.0
877.0
881.0
34.0
28.0
155.0
214.0
229.0
361.0
364.0
393.0
409.0
509.0
511.0
629.0
789.0
979.0
999.0
1015.0
801.0
65.0
70.0
81.0
99.0
124.0
188.0
200.0
285.0
436.0
508.0
689.0
706.0
811.0
817.0
960.0
913.0
23.0
62.0
122.0
127.0
156.0
232.0
325.0
377.0
557.0
558.0
564.0
846.0
916.0
920.0
925.0
233.0
76.0
302.0
374.0
441.0
588.0
634.0
645.0
654.0
678.0
704.0
767.0
889.0
917.0
955.0
980.0
224.0
3.0
29.0
164.0
224.0
254.0
302.0
350.0
386.0
588.0
654.0
735.0
800.0
889.0
917.0
923.0
567.0
74.0
340.0
359.0
369.0
402.0
429.0
516.0
572.0
573.0
592.0
618.0
650.0
683.0
791.0
871.0
346.0
18.0
75.0
225.0
245.0
263.0
293.0
335.0
499.0
552.0
590.0
675.0
736.0
802.0
851.0
997.0
830.0
129.0
211.0
222.0
401.0
411.0
413.0
437.0
447.0
527.0
615.0
652.0
732.0
819.0
863.0
885.0
945.0
38.0
111.0
115.0
128.0
162.0
204.0
248.0
390.0
432.0
483.0
498.0
524.0
926.0
983.0
992.0
348.0
71.0
78.0
96.0
174.0
210.0
220.0
231.0
295.0
355.0
425.0
565.0
656.0
750.0
815.0
828.0
234.0
12.0
52.0
117.0
170.0
334.0
380.0
470.0
476.0
530.0
553.0
603.0
701.0
775.0
853.0
986.0
15.0
69.0
82.0
251.0
262.0
288.0
336.0
490.0
510.0
540.0
597.0
720.0
836.0
921.0
932.0
959.0
51.0
53.0
138.0
236.0
252.0
271.0
296.0
339.0
404.0
479.0
492.0
600.0
653.0
680.0
803.0
977.0
241.0
3.0
29.0
40.0
164.0
224.0
254.0
374.0
386.0
567.0
654.0
664.0
733.0
735.0
923.0
948.0
800.0
71.0
87.0
96.0
109.0
134.0
174.0
210.0
220.0
355.0
425.0
565.0
656.0
750.0
815.0
828.0
707.0
12.0
15.0
16.0
100.0
170.0
334.0
476.0
496.0
553.0
603.0
701.0
775.0
853.0
897.0
1010.0
996.0
11.0
126.0
153.0
186.0
191.0
217.0
372.0
486.0
562.0
699.0
783.0
806.0
878.0
899.0
950.0
478.0
49.0
110.0
216.0
247.0
272.0
286.0
400.0
512.0
599.0
810.0
867.0
890.0
892.0
984.0
1012.0
582.0
