51.0
71.0
248.0
236.0
184.0
108.0
18.0
231.0
13.0
117.0
198.0
83.0
69.0
148.0
67.0
28.0
18.0
25.0
83.0
36.0
80.0
99.0
28.0
248.0
207.0
232.0
188.0
191.0
172.0
80.0
109.0
37.0
143.0
214.0
121.0
40.0
179.0
49.0
246.0
95.0
20.0
24.0
175.0
199.0
219.0
152.0
4.0
226.0
31.0
229.0
170.0
215.0
122.0
57.0
9.0
36.0
203.0
50.0
167.0
157.0
161.0
198.0
82.0
12.0
183.0
32.0
114.0
1.0
61.0
253.0
220.0
34.0
229.0
189.0
140.0
120.0
42.0
4.0
51.0
243.0
64.0
169.0
4.0
73.0
54.0
123.0
118.0
74.0
153.0
251.0
234.0
201.0
62.0
214.0
151.0
51.0
97.0
99.0
219.0
247.0
237.0
215.0
120.0
131.0
132.0
234.0
26.0
85.0
141.0
111.0
179.0
136.0
23.0
21.0
243.0
200.0
55.0
45.0
129.0
213.0
116.0
207.0
71.0
81.0
10.0
60.0
228.0
116.0
103.0
208.0
166.0
63.0
221.0
210.0
242.0
98.0
25.0
184.0
167.0
117.0
41.0
151.0
18.0
74.0
16.0
94.0
242.0
181.0
59.0
171.0
103.0
176.0
10.0
128.0
52.0
32.0
3.0
250.0
128.0
149.0
206.0
98.0
22.0
237.0
223.0
160.0
246.0
109.0
244.0
239.0
23.0
202.0
231.0
140.0
6.0
24.0
127.0
247.0
124.0
206.0
243.0
252.0
214.0
203.0
149.0
192.0
97.0
91.0
59.0
197.0
75.0
156.0
40.0
2.0
124.0
160.0
115.0
54.0
49.0
162.0
142.0
139.0
137.0
172.0
22.0
28.0
149.0
0.0
247.0
246.0
189.0
8.0
36.0
250.0
214.0
227.0
12.0
242.0
143.0
178.0
187.0
135.0
130.0
100.0
191.0
250.0
86.0
14.0
43.0
90.0
42.0
78.0
192.0
241.0
82.0
187.0
117.0
130.0
105.0
75.0
32.0
23.0
179.0
42.0
222.0
197.0
240.0
42.0
247.0
13.0
153.0
178.0
78.0
96.0
93.0
159.0
120.0
10.0
255.0
114.0
163.0
179.0
126.0
13.0
205.0
176.0
16.0
82.0
205.0
164.0
203.0
189.0
247.0
65.0
181.0
67.0
49.0
101.0
164.0
32.0
59.0
3.0
70.0
58.0
52.0
109.0
50.0
169.0
247.0
17.0
171.0
46.0
20.0
145.0
50.0
118.0
210.0
134.0
25.0
147.0
253.0
248.0
66.0
136.0
246.0
114.0
58.0
17.0
31.0
81.0
209.0
20.0
168.0
77.0
114.0
229.0
228.0
188.0
162.0
80.0
222.0
89.0
162.0
114.0
160.0
24.0
219.0
247.0
36.0
241.0
116.0
125.0
40.0
98.0
189.0
255.0
103.0
236.0
112.0
110.0
185.0
157.0
222.0
172.0
215.0
80.0
154.0
248.0
239.0
98.0
64.0
1.0
40.0
88.0
221.0
76.0
14.0
135.0
154.0
20.0
11.0
182.0
142.0
63.0
126.0
17.0
246.0
248.0
15.0
63.0
99.0
46.0
153.0
85.0
225.0
215.0
143.0
0.0
188.0
111.0
142.0
136.0
36.0
167.0
33.0
35.0
180.0
235.0
159.0
82.0
167.0
2.0
60.0
115.0
179.0
152.0
24.0
106.0
181.0
120.0
166.0
166.0
196.0
15.0
1.0
102.0
73.0
35.0
30.0
179.0
196.0
217.0
8.0
102.0
125.0
165.0
157.0
251.0
122.0
242.0
15.0
135.0
2.0
247.0
77.0
44.0
205.0
100.0
136.0
220.0
169.0
66.0
248.0
49.0
146.0
32.0
235.0
177.0
103.0
240.0
45.0
63.0
95.0
83.0
184.0
138.0
250.0
158.0
47.0
90.0
4.0
175.0
144.0
238.0
149.0
85.0
33.0
209.0
58.0
123.0
233.0
16.0
9.0
8.0
0.0
45.0
179.0
56.0
133.0
143.0
25.0
203.0
57.0
98.0
43.0
120.0
140.0
111.0
112.0
66.0
67.0
237.0
133.0
200.0
208.0
173.0
127.0
10.0
31.0
154.0
151.0
244.0
109.0
98.0
155.0
99.0
122.0
76.0
164.0
74.0
245.0
222.0
115.0
210.0
170.0
251.0
236.0
29.0
220.0
12.0
186.0
110.0
