torch.Size([2, 256, 3])-0.4396493434906006
-0.15292151272296906
0.19115188717842102
-0.2962854206562042
0.08601835370063782
-0.34407341480255127
-0.46832212805747986
0.13380631804466248
0.06690315902233124
0.3058430254459381
0.4014189839363098
0.26761263608932495
0.36318859457969666
-0.12424872815608978
0.14336392283439636
0.3058430254459381
0.4014189839363098
-0.23893986642360687
-0.22938227653503418
-0.15292151272296906
0.5161101222038269
-0.2198246717453003
-0.13380631804466248
-0.37274619936943054
0.15292151272296906
0.25805506110191345
-0.34407341480255127
-0.48743730783462524
0.17203670740127563
-0.3058430254459381
-0.5638980865478516
0.24849745631217957
0.6690316200256348
-0.4300917685031891
0.08601835370063782
0.6690316200256348
0.24849745631217957
0.34407341480255127
-0.057345569133758545
0.27717024087905884
0.0
0.4492069482803345
0.14336392283439636
0.4396493434906006
-0.038230378180742264
-0.18159429728984833
-0.15292151272296906
0.25805506110191345
0.3918613791465759
0.37274619936943054
0.06690315902233124
0.24849745631217957
0.2007094919681549
0.7359347939491272
-0.12424872815608978
-0.15292151272296906
0.6212436556816101
0.14336392283439636
-0.15292151272296906
0.3249582052230835
-0.5447828769683838
0.019115189090371132
0.24849745631217957
-0.1051335409283638
0.019115189090371132
0.7168195843696594
-0.47787973284721375
-0.15292151272296906
-0.08601835370063782
0.36318859457969666
0.06690315902233124
0.23893986642360687
0.15292151272296906
0.1051335409283638
-0.19115188717842102
0.35363098978996277
0.15292151272296906
0.12424872815608978
0.3918613791465759
0.4014189839363098
-0.26761263608932495
-0.18159429728984833
-0.15292151272296906
0.25805506110191345
-0.46832212805747986
0.13380631804466248
0.3249582052230835
-0.5543404817581177
0.038230378180742264
0.7168195843696594
0.2867278456687927
0.4205341637134552
-0.15292151272296906
0.27717024087905884
0.0
0.4492069482803345
0.4014189839363098
0.45876455307006836
0.5543404817581177
-0.3058430254459381
-0.15292151272296906
-0.3345158100128174
-0.5638980865478516
0.26761263608932495
0.7168195843696594
0.22938227653503418
0.07646075636148453
0.6403588056564331
0.36318859457969666
0.047787971794605255
0.028672784566879272
-0.06690315902233124
0.13380631804466248
0.08601835370063782
-0.3918613791465759
0.13380631804466248
-0.27717024087905884
0.38230377435684204
0.35363098978996277
0.22938227653503418
-0.5543404817581177
-0.028672784566879272
-0.26761263608932495
0.08601835370063782
0.2962854206562042
-0.08601835370063782
-0.5447828769683838
0.09557594358921051
0.38230377435684204
-0.06690315902233124
0.13380631804466248
0.08601835370063782
0.36318859457969666
-0.019115189090371132
0.47787973284721375
0.3058430254459381
0.4014189839363098
0.26761263608932495
0.3918613791465759
0.4396493434906006
0.16247910261154175
-0.2007094919681549
0.07646075636148453
-0.2962854206562042
0.315400630235672
0.4396493434906006
-0.2867278456687927
0.36318859457969666
-0.13380631804466248
0.4396493434906006
0.2007094919681549
0.2198246717453003
0.3058430254459381
0.24849745631217957
0.24849745631217957
0.7168195843696594
-0.12424872815608978
-0.15292151272296906
0.6212436556816101
0.16247910261154175
-0.08601835370063782
-0.37274619936943054
-0.3345158100128174
0.0
-0.057345569133758545
0.36318859457969666
-0.11469113826751709
-0.11469113826751709
0.27717024087905884
0.17203670740127563
-0.22938227653503418
-0.5447828769683838
0.009557594545185566
0.2007094919681549
0.26761263608932495
0.36318859457969666
0.4205341637134552
-0.4205341637134552
0.13380631804466248
-0.36318859457969666
0.37274619936943054
0.27717024087905884
0.08601835370063782
0.36318859457969666
-0.038230378180742264
0.19115188717842102
0.36318859457969666
-0.047787971794605255
0.057345569133758545
-0.45876455307006836
0.2102670818567276
0.6977043747901917
0.15292151272296906
0.1051335409283638
0.16247910261154175
-0.12424872815608978
0.0
0.14336392283439636
0.23893986642360687
-0.16247910261154175
-0.3345158100128174
-0.12424872815608978
-0.15292151272296906
0.6212436556816101
0.3918613791465759
0.4014189839363098
-0.26761263608932495
0.08601835370063782
0.2962854206562042
-0.08601835370063782
-0.13380631804466248
-0.15292151272296906
0.06690315902233124
0.038230378180742264
0.0
-0.019115189090371132
-0.5543404817581177
-0.047787971794605255
0.23893986642360687
0.18159429728984833
0.16247910261154175
0.506552517414093
0.22938227653503418
0.06690315902233124
-0.19115188717842102
0.4014189839363098
0.45876455307006836
0.5543404817581177
0.37274619936943054
0.22938227653503418
0.6594740152359009
-0.5447828769683838
0.019115189090371132
0.24849745631217957
0.36318859457969666
-0.028672784566879272
0.3249582052230835
-0.34407341480255127
0.13380631804466248
0.19115188717842102
-0.38230377435684204
-0.15292151272296906
-0.14336392283439636
0.08601835370063782
-0.15292151272296906
-0.24849745631217957
-0.2962854206562042
0.08601835370063782
-0.34407341480255127
0.4014189839363098
0.49699491262435913
0.5256677269935608
0.4014189839363098
0.45876455307006836
0.5543404817581177
0.3918613791465759
0.38230377435684204
-0.2198246717453003
0.06690315902233124
-0.11469113826751709
0.7168195843696594
0.36318859457969666
0.06690315902233124
0.23893986642360687
-0.4205341637134552
0.13380631804466248
-0.36318859457969666
0.2102670818567276
0.009557594545185566
-0.37274619936943054
0.2962854206562042
0.2867278456687927
0.46832212805747986
-0.4205341637134552
0.13380631804466248
-0.36318859457969666
0.1051335409283638
0.35363098978996277
-0.15292151272296906
-0.2102670818567276
0.0
-0.19115188717842102
0.057345569133758545
0.11469113826751709
-0.09557594358921051
0.2007094919681549
0.5352252721786499
0.47787973284721375
0.34407341480255127
-0.15292151272296906
-0.3058430254459381
-0.5543404817581177
0.019115189090371132
-0.2867278456687927
0.4014189839363098
0.49699491262435913
0.5256677269935608
0.4014189839363098
0.49699491262435913
-0.2867278456687927
0.16247910261154175
0.48743730783462524
0.26761263608932495
0.08601835370063782
0.2962854206562042
-0.08601835370063782
-0.5638980865478516
0.25805506110191345
-0.3345158100128174
0.36318859457969666
-0.13380631804466248
0.4396493434906006
-0.5543404817581177
-0.019115189090371132
0.17203670740127563
0.25805506110191345
0.5256677269935608
0.38230377435684204
0.4014189839363098
0.49699491262435913
-0.2867278456687927
0.24849745631217957
0.2962854206562042
-0.35363098978996277
0.24849745631217957
0.028672784566879272
-0.2962854206562042
0.4014189839363098
0.45876455307006836
0.5543404817581177
0.038230378180742264
0.12424872815608978
0.06690315902233124
0.1051335409283638
0.35363098978996277
-0.15292151272296906
0.36318859457969666
-0.13380631804466248
0.4396493434906006
-0.17203670740127563
0.26761263608932495
-0.4300917685031891
0.3058430254459381
0.4014189839363098
0.26761263608932495
-0.12424872815608978
0.0
0.14336392283439636
0.25805506110191345
0.36318859457969666
0.49699491262435913
0.4014189839363098
0.45876455307006836
0.6021284461021423
-0.45876455307006836
0.23893986642360687
-0.315400630235672
0.38230377435684204
0.36318859457969666
0.506552517414093
-0.5543404817581177
0.038230378180742264
0.7168195843696594
-0.3058430254459381
-0.15292151272296906
0.3249582052230835
0.34407341480255127
0.2007094919681549
-0.4014189839363098
-0.5543404817581177
0.057345569133758545
0.16247910261154175
0.38230377435684204
0.35363098978996277
0.22938227653503418
0.057345569133758545
0.11469113826751709
-0.09557594358921051
0.36318859457969666
0.038230378180742264
-0.34407341480255127
0.36318859457969666
-0.12424872815608978
-0.038230378180742264
0.06690315902233124
-0.11469113826751709
0.7168195843696594
-0.3058430254459381
-0.15292151272296906
-0.3345158100128174
0.38230377435684204
0.36318859457969666
0.506552517414093
0.24849745631217957
0.2007094919681549
0.7359347939491272
-0.3918613791465759
0.13380631804466248
-0.038230378180742264
0.36318859457969666
-0.11469113826751709
-0.11469113826751709
0.3345158100128174
0.22938227653503418
0.7646075487136841
0.3918613791465759
0.4109765589237213
0.3249582052230835
0.038230378180742264
0.0
-0.019115189090371132
-0.5543404817581177
0.019115189090371132
-0.2867278456687927
-0.47787973284721375
-0.15292151272296906
-0.08601835370063782
-0.13380631804466248
-0.15292151272296906
0.06690315902233124
-0.5638980865478516
0.24849745631217957
0.6690316200256348
-0.23893986642360687
0.13380631804466248
-0.08601835370063782
-0.38230377435684204
0.047787971794605255
-0.37274619936943054
0.18159429728984833
0.16247910261154175
0.506552517414093
-0.5638980865478516
0.2102670818567276
0.6977043747901917
0.057345569133758545
0.11469113826751709
-0.09557594358921051
0.18159429728984833
0.16247910261154175
0.506552517414093
0.4014189839363098
0.45876455307006836
0.6021284461021423
-0.24849745631217957
0.009557594545185566
0.649916410446167
0.2102670818567276
0.23893986642360687
0.23893986642360687
0.08601835370063782
0.047787971794605255
0.649916410446167
0.4014189839363098
0.49699491262435913
-0.2867278456687927
0.35363098978996277
0.1051335409283638
0.2962854206562042
-0.3058430254459381
0.08601835370063782
0.6785892248153687
-0.47787973284721375
-0.15292151272296906
-0.08601835370063782
0.3058430254459381
0.38230377435684204
0.6403588056564331
0.1051335409283638
0.35363098978996277
-0.15292151272296906
-0.17203670740127563
0.13380631804466248
0.028672784566879272
0.1051335409283638
0.35363098978996277
-0.15292151272296906
0.22938227653503418
0.07646075636148453
0.6403588056564331
-0.2198246717453003
-0.13380631804466248
-0.37274619936943054
-0.4396493434906006
0.057345569133758545
0.17203670740127563
-0.45876455307006836
-0.038230378180742264
-0.37274619936943054
-0.5638980865478516
0.24849745631217957
0.6690316200256348
0.11469113826751709
0.37274619936943054
0.5830132961273193
0.24849745631217957
0.028672784566879272
-0.2962854206562042
0.2962854206562042
0.27717024087905884
0.5638980865478516
0.36318859457969666
-0.12424872815608978
-0.038230378180742264
0.22938227653503418
0.07646075636148453
0.6403588056564331
0.2198246717453003
0.27717024087905884
-0.2007094919681549
-0.34407341480255127
0.13380631804466248
0.19115188717842102
-0.5543404817581177
0.028672784566879272
-0.028672784566879272
0.23893986642360687
0.315400630235672
-0.17203670740127563
-0.4300917685031891
0.08601835370063782
0.6690316200256348
0.4014189839363098
0.49699491262435913
0.5256677269935608
-0.45876455307006836
0.2102670818567276
0.6977043747901917
-0.5543404817581177
-0.08601835370063782
-0.2867278456687927
-0.5543404817581177
0.019115189090371132
-0.2867278456687927
-0.5638980865478516
0.2102670818567276
0.6977043747901917
0.2867278456687927
0.2102670818567276
0.16247910261154175
0.34407341480255127
0.2007094919681549
-0.4014189839363098
0.2867278456687927
0.23893986642360687
-0.057345569133758545
-0.46832212805747986
0.13380631804466248
0.3249582052230835
0.08601835370063782
0.2962854206562042
-0.08601835370063782
0.2962854206562042
0.27717024087905884
0.5638980865478516
-0.4396493434906006
-0.15292151272296906
0.5161101222038269
0.2007094919681549
0.2198246717453003
0.3058430254459381
0.36318859457969666
0.038230378180742264
-0.34407341480255127
0.2867278456687927
0.2007094919681549
-0.34407341480255127
0.2867278456687927
0.23893986642360687
-0.057345569133758545
0.37274619936943054
0.23893986642360687
0.45876455307006836
0.4014189839363098
0.45876455307006836
0.5543404817581177
-0.2867278456687927
-0.15292151272296906
0.4300917685031891
0.22938227653503418
0.08601835370063782
-0.26761263608932495
0.11469113826751709
0.37274619936943054
-0.019115189090371132
0.11469113826751709
0.37274619936943054
0.5830132961273193
-0.5447828769683838
0.019115189090371132
0.24849745631217957
0.19115188717842102
0.19115188717842102
0.6690316200256348
0.2867278456687927
0.2102670818567276
0.16247910261154175
-0.2867278456687927
-0.15292151272296906
0.4300917685031891
-0.2198246717453003
0.2007094919681549
0.7168195843696594
0.13380631804466248
0.4014189839363098
0.3249582052230835
0.27717024087905884
0.3918613791465759
-0.2962854206562042
0.24849745631217957
0.2962854206562042
-0.35363098978996277
0.2867278456687927
0.23893986642360687
0.315400630235672
-0.3058430254459381
-0.15292151272296906
0.3249582052230835
-0.46832212805747986
0.13380631804466248
0.3249582052230835
-0.5447828769683838
0.009557594545185566
0.2007094919681549
0.11469113826751709
0.37274619936943054
0.5830132961273193
0.028672784566879272
0.16247910261154175
0.14336392283439636
-0.3918613791465759
0.13380631804466248
-0.27717024087905884
0.2867278456687927
0.4205341637134552
-0.15292151272296906
0.4014189839363098
0.48743730783462524
0.2007094919681549
0.22938227653503418
0.27717024087905884
0.5352252721786499
0.22938227653503418
0.057345569133758545
-0.019115189090371132
0.07646075636148453
0.13380631804466248
-0.36318859457969666
0.2102670818567276
0.2962854206562042
0.7550499439239502
-0.5543404817581177
-0.13380631804466248
0.6116860508918762
-0.5543404817581177
-0.019115189090371132
0.17203670740127563
-0.3918613791465759
-0.15292151272296906
0.13380631804466248
0.27717024087905884
0.14336392283439636
0.3918613791465759
0.36318859457969666
-0.08601835370063782
-0.2007094919681549
-0.34407341480255127
-0.15292151272296906
-0.2962854206562042
0.36318859457969666
0.019115189090371132
-0.2962854206562042
0.27717024087905884
0.19115188717842102
0.07646075636148453
0.2102670818567276
0.22938227653503418
0.47787973284721375
-0.19115188717842102
-0.15292151272296906
0.47787973284721375
0.11469113826751709
0.37274619936943054
-0.019115189090371132
-0.2198246717453003
-0.13380631804466248
-0.37274619936943054
0.23893986642360687
0.315400630235672
-0.17203670740127563
-0.5638980865478516
0.26761263608932495
0.7168195843696594
0.3058430254459381
0.45876455307006836
0.2102670818567276
0.25805506110191345
0.24849745631217957
-0.37274619936943054
0.13380631804466248
0.4014189839363098
0.3249582052230835
-0.4396493434906006
-0.15292151272296906
0.5161101222038269
0.27717024087905884
0.17203670740127563
-0.22938227653503418
-0.22938227653503418
-0.15292151272296906
0.5161101222038269
0.3058430254459381
0.34407341480255127
0.2198246717453003
0.25805506110191345
0.5256677269935608
0.38230377435684204
-0.17203670740127563
0.13380631804466248
0.028672784566879272
0.35363098978996277
0.12424872815608978
-0.2102670818567276
-0.2962854206562042
0.08601835370063782
-0.34407341480255127
-0.11469113826751709
0.17203670740127563
-0.3058430254459381
0.2198246717453003
0.27717024087905884
-0.2007094919681549
0.038230378180742264
0.0
-0.019115189090371132
0.13380631804466248
0.4014189839363098
0.3249582052230835
-0.24849745631217957
-0.15292151272296906
-0.26761263608932495
-0.5638980865478516
0.25805506110191345
-0.3345158100128174
-0.3249582052230835
0.2007094919681549
-0.4014189839363098
-0.5543404817581177
-0.13380631804466248
0.6116860508918762
-0.17203670740127563
0.3058430254459381
0.7263771891593933
-0.3249582052230835
0.2007094919681549
-0.4014189839363098
0.27717024087905884
0.3918613791465759
-0.2962854206562042
0.22938227653503418
0.057345569133758545
-0.019115189090371132
-0.5543404817581177
0.028672784566879272
-0.028672784566879272
0.24849745631217957
0.2962854206562042
-0.35363098978996277
0.18159429728984833
0.057345569133758545
-1.0800081491470337
-0.46832212805747986
0.019115189090371132
-0.6212436556816101
-0.649916410446167
0.028672784566879272
0.23893986642360687
-0.49699491262435913
-0.25805506110191345
-0.48743730783462524
-0.2102670818567276
-0.1051335409283638
0.6403588056564331
0.8028379678726196
0.038230378180742264
0.315400630235672
-0.12424872815608978
-0.07646075636148453
-0.8123955130577087
0.506552517414093
-0.25805506110191345
-0.7263771891593933
0.8315107226371765
-0.07646075636148453
-0.4300917685031891
0.8315107226371765
-0.07646075636148453
0.2867278456687927
1.0322202444076538
-0.047787971794605255
-0.6403588056564331
-0.5638980865478516
-0.26761263608932495
0.8123955130577087
-0.47787973284721375
0.019115189090371132
-0.47787973284721375
-0.5734556913375854
-0.14336392283439636
0.6977043747901917
-0.2867278456687927
0.18159429728984833
0.9270866513252258
0.34407341480255127
0.019115189090371132
0.5638980865478516
0.6116860508918762
-0.2007094919681549
-1.1182385683059692
-0.4014189839363098
-0.25805506110191345
0.3345158100128174
0.48743730783462524
0.08601835370063782
0.8123955130577087
-0.5161101222038269
0.019115189090371132
0.49699491262435913
-0.46832212805747986
-0.25805506110191345
-0.898413896560669
0.6403588056564331
-0.1051335409283638
-0.23893986642360687
-0.630801260471344
-0.14336392283439636
-0.46832212805747986
0.6116860508918762
0.047787971794605255
-0.8410683274269104
0.4014189839363098
-0.08601835370063782
-0.5352252721786499
0.07646075636148453
0.38230377435684204
0.9270866513252258
-0.506552517414093
0.15292151272296906
1.02266263961792
0.6403588056564331
-0.1051335409283638
-0.23893986642360687
-0.2102670818567276
-0.1051335409283638
0.6403588056564331
0.009557594545185566
-0.25805506110191345
-0.7454923987388611
-0.47787973284721375
-0.1051335409283638
0.09557594358921051
1.0035474300384521
-0.15292151272296906
-0.6977043747901917
0.4492069482803345
0.019115189090371132
0.6403588056564331
-0.5830132961273193
-0.0
0.5543404817581177
-0.38230377435684204
-0.038230378180742264
0.7454923987388611
-0.7454923987388611
-0.14336392283439636
-1.0895657539367676
-0.4109765589237213
-0.07646075636148453
0.14336392283439636
-0.4492069482803345
-0.1051335409283638
-0.06690315902233124
-0.34407341480255127
0.315400630235672
0.7837227582931519
0.5543404817581177
0.019115189090371132
-0.649916410446167
-0.34407341480255127
0.315400630235672
0.7837227582931519
0.6403588056564331
0.047787971794605255
-0.11469113826751709
0.6977043747901917
0.38230377435684204
0.9653170704841614
-0.4109765589237213
-0.07646075636148453
0.14336392283439636
0.8601835370063782
-0.1051335409283638
0.5925708413124084
0.6403588056564331
-0.1051335409283638
-0.23893986642360687
-0.5830132961273193
-0.0
0.5543404817581177
-0.047787971794605255
0.057345569133758545
0.3918613791465759
0.9462018609046936
-0.2102670818567276
-0.7454923987388611
0.23893986642360687
0.057345569133758545
0.4396493434906006
0.6403588056564331
-0.1051335409283638
-0.23893986642360687
-0.2102670818567276
-0.1051335409283638
0.6403588056564331
0.9748746156692505
0.047787971794605255
-1.060892939567566
-0.019115189090371132
-0.07646075636148453
-0.5352252721786499
0.47787973284721375
0.047787971794605255
-1.146911382675171
0.2007094919681549
0.019115189090371132
0.3345158100128174
0.6594740152359009
-0.1051335409283638
0.315400630235672
-0.38230377435684204
-0.038230378180742264
0.7454923987388611
0.3918613791465759
0.019115189090371132
0.4205341637134552
-0.2102670818567276
0.22938227653503418
1.0417778491973877
0.8028379678726196
0.038230378180742264
0.315400630235672
-0.1051335409283638
0.019115189090371132
0.7072619795799255
0.9462018609046936
-0.19115188717842102
0.08601835370063782
-0.3345158100128174
-0.25805506110191345
-0.8697410821914673
0.9653170704841614
-0.12424872815608978
-0.6212436556816101
-0.34407341480255127
-0.25805506110191345
0.46832212805747986
-0.26761263608932495
-0.25805506110191345
0.6881468296051025
0.8123955130577087
0.028672784566879272
0.8123955130577087
0.9175291061401367
-0.09557594358921051
-0.2962854206562042
-0.4492069482803345
-0.1051335409283638
-0.06690315902233124
0.8792986869812012
0.3918613791465759
0.7837227582931519
-0.2867278456687927
0.019115189090371132
0.3918613791465759
0.49699491262435913
0.22938227653503418
1.0035474300384521
0.17203670740127563
0.057345569133758545
1.0417778491973877
-0.1051335409283638
0.38230377435684204
0.8697410821914673
-0.6785892248153687
-0.16247910261154175
0.17203670740127563
-0.047787971794605255
0.057345569133758545
0.3918613791465759
0.5925708413124084
-0.25805506110191345
-0.2867278456687927
-0.5734556913375854
-0.22938227653503418
-0.4300917685031891
-0.5256677269935608
-0.07646075636148453
0.2962854206562042
-0.24849745631217957
0.038230378180742264
-1.1660265922546387
-0.5734556913375854
-0.22938227653503418
-0.22938227653503418
-0.38230377435684204
0.1051335409283638
1.0417778491973877
0.8601835370063782
-0.1051335409283638
0.5925708413124084
0.47787973284721375
0.047787971794605255
-1.146911382675171
-0.12424872815608978
-0.26761263608932495
0.7837227582931519
0.6594740152359009
-0.1051335409283638
0.315400630235672
0.8123955130577087
-0.06690315902233124
0.8792986869812012
1.0704505443572998
-0.19115188717842102
0.17203670740127563
-0.6594740152359009
-0.038230378180742264
-1.146911382675171
-0.1051335409283638
-0.15292151272296906
-1.0991233587265015
0.34407341480255127
-0.019115189090371132
-1.1182385683059692
-0.5256677269935608
0.057345569133758545
-0.8888562917709351
-0.4014189839363098
-0.25805506110191345
0.3345158100128174
-0.2867278456687927
0.18159429728984833
0.9270866513252258
-0.46832212805747986
-0.25805506110191345
-0.898413896560669
0.9462018609046936
-0.2102670818567276
-0.7454923987388611
0.630801260471344
-0.25805506110191345
0.7837227582931519
0.7263771891593933
0.047787971794605255
-0.49699491262435913
-0.12424872815608978
0.019115189090371132
-0.8792986869812012
0.4300917685031891
0.019115189090371132
0.3249582052230835
0.46832212805747986
0.27717024087905884
0.7932803630828857
0.2007094919681549
0.019115189090371132
0.3345158100128174
0.7932803630828857
-0.25805506110191345
0.6881468296051025
-0.649916410446167
-0.06690315902233124
-0.6594740152359009
-0.5161101222038269
0.019115189090371132
0.49699491262435913
-0.48743730783462524
-0.07646075636148453
0.6116860508918762
0.9366442561149597
-0.26761263608932495
-1.1182385683059692
-0.5161101222038269
0.019115189090371132
0.49699491262435913
0.5447828769683838
-0.1051335409283638
-0.5734556913375854
0.7932803630828857
-0.25805506110191345
0.6881468296051025
0.7359347939491272
-0.1051335409283638
0.6212436556816101
-0.2102670818567276
-0.07646075636148453
0.34407341480255127
0.9270866513252258
-0.25805506110191345
0.12424872815608978
-0.13380631804466248
0.019115189090371132
-0.6690316200256348
-0.46832212805747986
0.047787971794605255
-0.028672784566879272
0.34407341480255127
0.38230377435684204
0.8601835370063782
0.9462018609046936
-0.2198246717453003
-0.047787971794605255
-0.38230377435684204
-0.038230378180742264
0.7454923987388611
0.09557594358921051
-0.1051335409283638
0.5256677269935608
-0.2102670818567276
-0.07646075636148453
0.34407341480255127
0.1051335409283638
-0.25805506110191345
-1.0800081491470337
-0.2102670818567276
-0.07646075636148453
0.34407341480255127
0.6212436556816101
0.019115189090371132
-0.25805506110191345
0.14336392283439636
-0.23893986642360687
0.7837227582931519
0.6977043747901917
0.047787971794605255
-1.0035474300384521
0.9653170704841614
-0.12424872815608978
-0.6212436556816101
-0.49699491262435913
0.057345569133758545
-0.7454923987388611
-0.24849745631217957
-0.25805506110191345
-0.4396493434906006
0.9462018609046936
-0.17203670740127563
-0.47787973284721375
-0.649916410446167
-0.14336392283439636
-1.02266263961792
-0.12424872815608978
-0.07646075636148453
-0.8123955130577087
-0.49699491262435913
0.057345569133758545
-0.7454923987388611
-0.46832212805747986
-0.25805506110191345
0.7454923987388611
-0.649916410446167
0.028672784566879272
0.23893986642360687
0.34407341480255127
0.019115189090371132
0.5638980865478516
-0.25805506110191345
0.09557594358921051
0.5543404817581177
-0.5734556913375854
-0.19115188717842102
-0.7837227582931519
0.009557594545185566
-0.25805506110191345
-0.7454923987388611
0.9366442561149597
-0.057345569133758545
0.7837227582931519
0.9270866513252258
-0.24849745631217957
0.7837227582931519
0.009557594545185566
-0.25805506110191345
-0.7454923987388611
-0.649916410446167
-0.057345569133758545
-0.9079715013504028
0.9748746156692505
0.047787971794605255
-1.060892939567566
-0.47787973284721375
-0.1051335409283638
0.09557594358921051
0.047787971794605255
0.019115189090371132
-0.8315107226371765
0.1051335409283638
-0.25805506110191345
-1.0800081491470337
-0.038230378180742264
-0.1051335409283638
0.6977043747901917
0.9557594656944275
-0.08601835370063782
0.4492069482803345
0.6977043747901917
0.38230377435684204
0.9653170704841614
0.17203670740127563
0.057345569133758545
1.0417778491973877
0.5734556913375854
0.019115189090371132
0.35363098978996277
-0.12424872815608978
-0.07646075636148453
-0.8123955130577087
-0.2198246717453003
-0.1051335409283638
-0.3345158100128174
-0.26761263608932495
-0.25805506110191345
0.6881468296051025
0.8123955130577087
-0.06690315902233124
0.8792986869812012
0.4300917685031891
0.019115189090371132
-0.7646075487136841
1.0322202444076538
-0.047787971794605255
-0.6403588056564331
0.7932803630828857
-0.25805506110191345
0.6881468296051025
-0.06690315902233124
-0.07646075636148453
0.019115189090371132
-0.5161101222038269
0.06690315902233124
0.38230377435684204
-0.46832212805747986
0.047787971794605255
-0.028672784566879272
0.9366442561149597
-0.009557594545185566
0.630801260471344
0.9557594656944275
-0.06690315902233124
-0.49699491262435913
0.9366442561149597
-0.057345569133758545
0.7837227582931519
0.5734556913375854
0.019115189090371132
0.35363098978996277
-0.506552517414093
0.15292151272296906
1.02266263961792
-0.5256677269935608
-0.07646075636148453
-0.23893986642360687
0.4492069482803345
0.019115189090371132
0.6403588056564331
0.8123955130577087
0.028672784566879272
0.8123955130577087
-0.649916410446167
-0.057345569133758545
-0.9079715013504028
1.0035474300384521
-0.15292151272296906
-0.6977043747901917
-0.46832212805747986
-0.25805506110191345
-0.5830132961273193
-0.1051335409283638
0.019115189090371132
0.7072619795799255
0.4300917685031891
0.019115189090371132
0.3249582052230835
0.45876455307006836
-0.25805506110191345
-0.24849745631217957
-0.4109765589237213
-0.07646075636148453
0.14336392283439636
0.9462018609046936
-0.13380631804466248
0.038230378180742264
0.17203670740127563
0.047787971794605255
0.057345569133758545
-0.5734556913375854
-0.08601835370063782
-1.0800081491470337
-0.5543404817581177
-0.019115189090371132
-0.4300917685031891
0.6116860508918762
-0.25805506110191345
-0.6594740152359009
0.7359347939491272
0.315400630235672
0.7837227582931519
0.17203670740127563
0.047787971794605255
0.057345569133758545
-0.649916410446167
-0.057345569133758545
-0.9079715013504028
0.09557594358921051
-0.1051335409283638
0.5256677269935608
-0.5734556913375854
-0.25805506110191345
0.23893986642360687
-0.019115189090371132
0.057345569133758545
-0.506552517414093
-0.4014189839363098
-0.25805506110191345
0.3345158100128174
0.37274619936943054
-0.16247910261154175
-1.0991233587265015
0.34407341480255127
0.019115189090371132
0.5638980865478516
0.506552517414093
0.06690315902233124
0.2962854206562042
-0.1051335409283638
0.38230377435684204
0.8697410821914673
0.09557594358921051
-0.1051335409283638
0.5256677269935608
-0.019115189090371132
0.057345569133758545
-0.506552517414093
-0.19115188717842102
-0.08601835370063782
-1.185141682624817
-0.45876455307006836
0.3345158100128174
1.02266263961792
-0.38230377435684204
0.1051335409283638
1.0417778491973877
0.7359347939491272
-0.1051335409283638
0.6212436556816101
0.12424872815608978
-0.25805506110191345
0.4205341637134552
0.14336392283439636
0.057345569133758545
-0.2007094919681549
-0.46832212805747986
-0.25805506110191345
-0.898413896560669
-0.4109765589237213
-0.07646075636148453
0.14336392283439636
-0.5734556913375854
-0.22938227653503418
-0.22938227653503418
0.7932803630828857
0.019115189090371132
-0.5925708413124084
-0.2867278456687927
0.019115189090371132
-0.8123955130577087
0.14336392283439636
0.057345569133758545
-0.2007094919681549
-0.45876455307006836
0.019115189090371132
-1.175584077835083
0.6690316200256348
0.06690315902233124
0.37274619936943054
-0.18159429728984833
0.26761263608932495
0.8123955130577087
0.630801260471344
-0.25805506110191345
0.7837227582931519
0.17203670740127563
-0.1051335409283638
0.15292151272296906
0.8792986869812012
0.3918613791465759
0.7837227582931519
0.34407341480255127
0.019115189090371132
0.5638980865478516
-0.46832212805747986
-0.25805506110191345
-0.898413896560669
0.47787973284721375
0.019115189090371132
-0.5543404817581177
0.37274619936943054
0.019115189090371132
-0.27717024087905884
0.009557594545185566
-0.25805506110191345
-0.7454923987388611
0.8315107226371765
-0.07646075636148453
-0.4300917685031891
-0.19115188717842102
-0.08601835370063782
-1.185141682624817
0.23893986642360687
0.057345569133758545
0.4396493434906006
0.5447828769683838
-0.1051335409283638
-0.5734556913375854
-0.506552517414093
0.15292151272296906
1.02266263961792
0.649916410446167
-0.08601835370063782
1.0035474300384521
-0.019115189090371132
0.057345569133758545
-0.506552517414093
-0.46832212805747986
-0.25805506110191345
0.7454923987388611
-0.22938227653503418
-0.019115189090371132
0.8123955130577087
-0.25805506110191345
0.047787971794605255
0.038230378180742264
-0.019115189090371132
-0.07646075636148453
-0.5352252721786499
-0.34407341480255127
0.315400630235672
0.7837227582931519
-0.24849745631217957
-0.25805506110191345
-0.4396493434906006
1.0704505443572998
-0.19115188717842102
0.17203670740127563
0.7646075487136841
0.019115189090371132
-0.8315107226371765
0.9462018609046936
-0.13380631804466248
0.038230378180742264
-0.12424872815608978
-0.26761263608932495
0.7837227582931519
-0.47787973284721375
-0.09557594358921051
0.7263771891593933
-0.5734556913375854
-0.25805506110191345
0.23893986642360687
0.36318859457969666
-0.07646075636148453
-0.4109765589237213
-0.2867278456687927
-0.07646075636148453
0.5734556913375854
-0.22938227653503418
-0.019115189090371132
0.8123955130577087
0.3918613791465759
0.019115189090371132
0.4205341637134552
0.7263771891593933
0.047787971794605255
-0.49699491262435913
0.4014189839363098
-0.08601835370063782
-0.5352252721786499
-0.5256677269935608
-0.07646075636148453
-0.23893986642360687
0.7359347939491272
-0.1051335409283638
0.6212436556816101
0.8601835370063782
-0.057345569133758545
-1.0035474300384521
-0.06690315902233124
-0.07646075636148453
0.019115189090371132
0.4014189839363098
-0.08601835370063782
-0.5352252721786499
0.3345158100128174
-0.07646075636148453
-1.0800081491470337
0.5543404817581177
0.019115189090371132
-0.649916410446167
0.019115189090371132
0.009557594545185566
-1.1182385683059692
-0.5734556913375854
-0.19115188717842102
-0.7837227582931519
0.9748746156692505
0.047787971794605255
-1.060892939567566
0.19115188717842102
-0.07646075636148453
0.5638980865478516
0.4014189839363098
-0.08601835370063782
-0.5352252721786499
0.9653170704841614
-0.12424872815608978
-0.6212436556816101
