torch.Size([2, 256, 3])-0.192373126745224
-0.06995386630296707
0.15739619731903076
0.096186563372612
-0.05246540158987045
-0.6033520698547363
0.043721165508031845
-0.2623269855976105
0.5858636498451233
-0.23609429597854614
-0.06995386630296707
0.6820501685142517
0.384746253490448
-0.05246540158987045
-0.498421311378479
-0.15739619731903076
-0.4634443521499634
0.6995386481285095
0.35851356387138367
-0.06995386630296707
-0.4634443521499634
-0.008744233287870884
-0.06995386630296707
0.5159097909927368
0.07869809865951538
-0.05246540158987045
-1.049307942390442
0.05246540158987045
-0.21860583126544952
0.7345156073570251
0.07869809865951538
-0.05246540158987045
-1.0930291414260864
0.3672578036785126
-0.06995386630296707
0.44595590233802795
-0.17488466203212738
-0.05246540158987045
-0.8481906056404114
0.5771194100379944
-0.06995386630296707
-0.23609429597854614
0.14865197241306305
-0.05246540158987045
-0.8044694662094116
-0.008744233287870884
-0.05246540158987045
0.2011173665523529
0.35851356387138367
-0.06995386630296707
-0.4634443521499634
0.3672578036785126
-0.05246540158987045
-0.8919118046760559
0.3672578036785126
-0.06995386630296707
0.44595590233802795
0.06995386630296707
-0.1836289018392563
0.14865197241306305
0.07869809865951538
-0.06995386630296707
0.2973039448261261
0.05246540158987045
-0.21860583126544952
-0.7607482671737671
-0.008744233287870884
-0.05246540158987045
0.2011173665523529
0.043721165508031845
-0.2623269855976105
0.5858636498451233
-0.08744233101606369
-0.06995386630296707
-0.4721885919570923
0.05246540158987045
-0.21860583126544952
-0.45470014214515686
0.2798154652118683
-0.06995386630296707
-0.23609429597854614
-0.034976933151483536
-0.05246540158987045
0.8744233250617981
0.07869809865951538
-0.06995386630296707
0.043721165508031845
0.07869809865951538
-0.06995386630296707
0.2973039448261261
0.1049308031797409
-0.23609429597854614
0.6208405494689941
0.096186563372612
-0.05246540158987045
0.3760020434856415
-0.2098616063594818
-0.5683751702308655
-0.9094002842903137
-0.32353663444519043
-0.06995386630296707
0.3934904932975769
0.5071655511856079
-0.05246540158987045
0.17488466203212738
0.21860583126544952
-0.05246540158987045
-0.4634443521499634
-0.08744233101606369
-0.05246540158987045
0.7345156073570251
0.42846742272377014
-0.06120963394641876
0.9356329441070557
-0.2710712254047394
-0.06995386630296707
-0.9006560444831848
0.15739619731903076
-0.22735007107257843
0.35851356387138367
0.4721885919570923
-0.06995386630296707
0.3760020434856415
0.5508866906166077
-0.06995386630296707
-0.12241926789283752
0.2798154652118683
-0.06995386630296707
0.17488466203212738
0.4109789729118347
-0.06995386630296707
0.5159097909927368
-0.096186563372612
-0.06995386630296707
0.44595590233802795
0.15739619731903076
-0.05246540158987045
0.7869809865951538
0.08744233101606369
-0.192373126745224
-0.32353663444519043
0.3147923946380615
-0.06995386630296707
-1.0318195819854736
-0.017488466575741768
-0.05246540158987045
-0.9181445240974426
0.4197232127189636
-0.05246540158987045
0.22735007107257843
0.4109789729118347
-0.06995386630296707
0.883167564868927
0.13990773260593414
-0.05246540158987045
-0.1049308031797409
0.2623269855976105
-0.05246540158987045
0.7607482671737671
-0.026232700794935226
-0.15739619731903076
0.5858636498451233
0.3760020434856415
-0.05246540158987045
0.2098616063594818
0.06995386630296707
-0.1836289018392563
0.14865197241306305
-0.017488466575741768
-0.06995386630296707
-0.2710712254047394
0.35851356387138367
-0.05246540158987045
0.8132137060165405
0.192373126745224
-0.1836289018392563
0.6208405494689941
0.05246540158987045
-0.05246540158987045
0.4809328317642212
0.034976933151483536
-0.06995386630296707
0.1836289018392563
0.07869809865951538
-0.05246540158987045
-1.0930291414260864
0.5159097909927368
-0.05246540158987045
-1.0318195819854736
-0.17488466203212738
-0.05246540158987045
-0.3934904932975769
-0.2885597050189972
-0.06995386630296707
-0.06120963394641876
0.1836289018392563
-0.22735007107257843
-0.769492506980896
-0.192373126745224
-0.06995386630296707
-0.44595590233802795
0.3147923946380615
-0.3060481548309326
0.629584789276123
0.21860583126544952
-0.05246540158987045
0.5333982110023499
0.3147923946380615
-0.05246540158987045
-0.4109789729118347
-0.2973039448261261
-0.752004086971283
-0.9443771839141846
-0.11367503553628922
-0.3934904932975769
0.6645617485046387
0.4197232127189636
-0.05246540158987045
0.22735007107257843
-0.1049308031797409
-0.2798154652118683
0.629584789276123
0.498421311378479
-0.05246540158987045
0.6733059883117676
-0.16614043712615967
-0.05246540158987045
0.2973039448261261
-0.008744233287870884
-0.16614043712615967
0.629584789276123
0.08744233101606369
-0.192373126745224
-0.32353663444519043
-0.192373126745224
-0.06995386630296707
0.15739619731903076
-0.017488466575741768
-0.06995386630296707
0.23609429597854614
0.096186563372612
-0.2098616063594818
-0.0
0.16614043712615967
-0.05246540158987045
0.06995386630296707
0.08744233101606369
-0.192373126745224
-0.32353663444519043
0.5858636498451233
-0.06120963394641876
-0.7257713675498962
0.06120963394641876
-0.192373126745224
0.524653971195221
0.34976932406425476
-0.05246540158987045
-0.043721165508031845
0.034976933151483536
-0.05246540158987045
-0.9356329441070557
0.5159097909927368
-0.05246540158987045
-0.008744233287870884
0.21860583126544952
-0.06995386630296707
-0.21860583126544952
0.2798154652118683
-0.06995386630296707
-0.9006560444831848
-0.043721165508031845
-0.05246540158987045
0.384746253490448
-0.12241926789283752
-0.06995386630296707
0.2011173665523529
0.3060481548309326
-0.06995386630296707
-0.7257713675498962
-0.32353663444519043
-0.06995386630296707
0.3934904932975769
0.16614043712615967
-0.14865197241306305
0.5946078896522522
-0.192373126745224
-0.06995386630296707
0.15739619731903076
0.14865197241306305
-0.2098616063594818
0.4022347331047058
0.05246540158987045
-0.21860583126544952
-0.7607482671737671
-0.096186563372612
-0.06995386630296707
0.44595590233802795
-0.11367503553628922
-0.06995386630296707
0.524653971195221
0.4197232127189636
-0.05246540158987045
-0.25358277559280396
0.13990773260593414
-0.05246540158987045
-0.1049308031797409
-0.16614043712615967
-0.05246540158987045
0.2973039448261261
-0.192373126745224
-0.498421311378479
-0.8569348454475403
-0.13116349279880524
-0.4197232127189636
-0.8219579458236694
-0.043721165508031845
-0.05246540158987045
0.384746253490448
0.5858636498451233
-0.06120963394641876
0.4022347331047058
0.4896770715713501
-0.05246540158987045
0.5071655511856079
-0.2710712254047394
-0.05246540158987045
-0.6470732688903809
-0.34102508425712585
-0.06995386630296707
0.8656790852546692
-0.08744233101606369
-0.05246540158987045
0.7345156073570251
0.3672578036785126
-0.06995386630296707
0.24483853578567505
-0.2011173665523529
-0.5858636498451233
0.7345156073570251
0.4634443521499634
-0.06995386630296707
0.6733059883117676
-0.017488466575741768
-0.06995386630296707
0.23609429597854614
0.2885597050189972
-0.06995386630296707
-1.1192618608474731
0.4809328317642212
-0.6907944083213806
0.7607482671737671
0.5333982110023499
-0.06995386630296707
-0.16614043712615967
0.43721166253089905
-0.498421311378479
0.6907944083213806
0.44595590233802795
-0.05246540158987045
-1.005586862564087
0.14865197241306305
-0.2098616063594818
-0.8569348454475403
-0.08744233101606369
-0.06995386630296707
-0.4721885919570923
0.096186563372612
-0.05246540158987045
-0.6033520698547363
-0.2011173665523529
-0.5159097909927368
0.6733059883117676
-0.23609429597854614
-0.05246540158987045
-1.0318195819854736
-0.12241926789283752
-0.06995386630296707
-0.06995386630296707
-0.13116349279880524
-0.06995386630296707
-0.22735007107257843
0.14865197241306305
-0.2098616063594818
-0.8569348454475403
-0.34102508425712585
-0.06120963394641876
-0.13116349279880524
-0.026232700794935226
-0.06995386630296707
0.6033520698547363
-0.2710712254047394
-0.05246540158987045
0.9268887042999268
-0.23609429597854614
-0.05246540158987045
-0.17488466203212738
-0.13990773260593414
-0.4022347331047058
-0.8569348454475403
0.192373126745224
-0.21860583126544952
0.4022347331047058
0.034976933151483536
-0.06995386630296707
0.33228087425231934
0.096186563372612
-0.05246540158987045
0.096186563372612
0.3672578036785126
-0.05246540158987045
-0.8919118046760559
0.384746253490448
-0.05246540158987045
-0.498421311378479
0.192373126745224
-0.1836289018392563
0.6208405494689941
0.05246540158987045
-0.21860583126544952
0.7345156073570251
0.4809328317642212
-0.05246540158987045
-0.4634443521499634
0.16614043712615967
-0.14865197241306305
0.5946078896522522
0.35851356387138367
-0.06995386630296707
-0.4634443521499634
0.5159097909927368
-0.05246540158987045
-0.008744233287870884
0.12241926789283752
-0.05246540158987045
0.5333982110023499
0.5333982110023499
-0.769492506980896
0.7345156073570251
0.034976933151483536
-0.06995386630296707
0.33228087425231934
0.498421311378479
-0.06995386630296707
0.8744233250617981
-0.1836289018392563
-0.05246540158987045
0.043721165508031845
-0.17488466203212738
-0.05246540158987045
0.2623269855976105
-0.34102508425712585
-0.06120963394641876
-0.13116349279880524
0.192373126745224
-0.2011173665523529
0.7257713675498962
-0.23609429597854614
-0.05246540158987045
-1.0318195819854736
0.06995386630296707
-0.23609429597854614
-0.34102508425712585
0.07869809865951538
-0.1836289018392563
0.42846742272377014
0.1836289018392563
-0.22735007107257843
-0.769492506980896
0.34976932406425476
-0.06995386630296707
0.34102508425712585
-0.25358277559280396
-0.05246540158987045
-0.32353663444519043
0.06995386630296707
-0.23609429597854614
-0.34102508425712585
-0.08744233101606369
-0.05246540158987045
0.15739619731903076
0.5333982110023499
-0.05246540158987045
0.6033520698547363
0.096186563372612
-0.05246540158987045
0.096186563372612
0.17488466203212738
-0.1836289018392563
-0.21860583126544952
0.4197232127189636
-0.05246540158987045
-0.25358277559280396
0.4634443521499634
-0.6033520698547363
0.6907944083213806
-0.15739619731903076
-0.45470014214515686
0.6470732688903809
-0.2710712254047394
-0.06995386630296707
-0.9006560444831848
0.1049308031797409
-0.23609429597854614
0.6208405494689941
0.45470014214515686
-0.05246540158987045
-0.5071655511856079
0.1836289018392563
-0.05246540158987045
-0.33228087425231934
-0.2011173665523529
-0.5858636498451233
0.7345156073570251
-0.008744233287870884
-0.06995386630296707
-0.6645617485046387
-0.008744233287870884
-0.06995386630296707
0.5159097909927368
0.498421311378479
-0.05246540158987045
0.6733059883117676
0.5683751702308655
-0.05246540158987045
-0.3672578036785126
0.5508866906166077
-0.06995386630296707
-0.12241926789283752
0.45470014214515686
-0.5508866906166077
0.7082828879356384
-0.11367503553628922
-0.06995386630296707
0.524653971195221
0.05246540158987045
-0.192373126745224
0.384746253490448
0.5333982110023499
-0.05246540158987045
0.6033520698547363
-0.017488466575741768
-0.06995386630296707
0.23609429597854614
0.14865197241306305
-0.06995386630296707
-0.017488466575741768
-0.32353663444519043
-0.06995386630296707
0.3934904932975769
-0.017488466575741768
-0.06995386630296707
-0.2710712254047394
-0.08744233101606369
-0.05246540158987045
0.15739619731903076
0.25358277559280396
-0.06995386630296707
-0.25358277559280396
0.14865197241306305
-0.2098616063594818
0.4022347331047058
0.192373126745224
-0.21860583126544952
-0.08744233101606369
-0.1836289018392563
-0.05246540158987045
0.043721165508031845
0.4721885919570923
-0.05246540158987045
-1.0580521821975708
0.24483853578567505
-0.05246540158987045
0.8219579458236694
-0.34102508425712585
-0.05246540158987045
-0.9443771839141846
0.21860583126544952
-0.05246540158987045
-0.4634443521499634
-0.34102508425712585
-0.05246540158987045
-0.4109789729118347
0.05246540158987045
-0.192373126745224
0.384746253490448
-0.15739619731903076
-0.45470014214515686
0.6470732688903809
-0.096186563372612
-0.06995386630296707
0.3060481548309326
0.06120963394641876
-0.192373126745224
0.524653971195221
0.42846742272377014
-0.06120963394641876
0.9356329441070557
-0.1049308031797409
-0.13990773260593414
-0.7957252264022827
0.17488466203212738
-0.05246540158987045
-0.6645617485046387
0.06995386630296707
-0.1836289018392563
-0.1049308031797409
-0.11367503553628922
-0.05246540158987045
-0.6470732688903809
0.07869809865951538
-0.06995386630296707
0.043721165508031845
0.17488466203212738
-0.1836289018392563
-0.21860583126544952
-0.008744233287870884
-0.05246540158987045
0.2011173665523529
-0.08744233101606369
-0.05246540158987045
0.15739619731903076
-0.008744233287870884
-0.06995386630296707
0.4634443521499634
-0.11367503553628922
-0.06995386630296707
0.524653971195221
-0.2710712254047394
-0.06995386630296707
-0.9006560444831848
-0.1049308031797409
-0.2798154652118683
0.629584789276123
0.33228087425231934
-0.06995386630296707
-1.1105176210403442
0.06995386630296707
-0.1836289018392563
0.14865197241306305
-0.25358277559280396
-0.05246540158987045
-0.32353663444519043
-0.32353663444519043
-0.06995386630296707
0.3934904932975769
0.22735007107257843
-0.05246540158987045
0.12241926789283752
-0.17488466203212738
-0.05246540158987045
-0.3934904932975769
0.034976933151483536
-0.06995386630296707
0.33228087425231934
-0.2098616063594818
-0.5683751702308655
-0.9094002842903137
0.17488466203212738
-0.22735007107257843
-0.6120963096618652
0.4896770715713501
-0.06995386630296707
-0.8481906056404114
0.13116349279880524
-0.05246540158987045
0.25358277559280396
-0.2011173665523529
-0.06995386630296707
-0.752004086971283
0.5333982110023499
-0.05246540158987045
-0.5858636498451233
-0.034976933151483536
-0.05246540158987045
0.8744233250617981
-0.25358277559280396
-0.05246540158987045
-0.32353663444519043
-0.21860583126544952
-0.05246540158987045
-0.3147923946380615
-0.2098616063594818
-0.05246540158987045
-0.24483853578567505
-0.2098616063594818
-0.05246540158987045
-0.9706099033355713
0.5333982110023499
-0.8219579458236694
0.752004086971283
-0.008744233287870884
-0.16614043712615967
0.629584789276123
0.026232700794935226
-0.25358277559280396
-0.8132137060165405
0.25358277559280396
-0.06995386630296707
-0.25358277559280396
0.44595590233802795
-0.5159097909927368
-0.883167564868927
0.5159097909927368
-0.05246540158987045
-1.0318195819854736
0.4896770715713501
-0.06995386630296707
-0.8481906056404114
0.05246540158987045
-0.21860583126544952
0.7345156073570251
-0.2011173665523529
-0.06995386630296707
-0.752004086971283
0.45470014214515686
-0.06995386630296707
-0.4022347331047058
0.24483853578567505
-0.05246540158987045
0.8219579458236694
0.1836289018392563
-0.22735007107257843
-0.769492506980896
-0.2011173665523529
-0.5858636498451233
0.7345156073570251
-0.08744233101606369
-0.05246540158987045
0.7345156073570251
-0.008744233287870884
-0.16614043712615967
0.629584789276123
0.3934904932975769
-0.06995386630296707
-0.638329029083252
0.4721885919570923
-0.05246540158987045
-1.0580521821975708
0.034976933151483536
-0.05246540158987045
0.5333982110023499
-0.008744233287870884
-0.16614043712615967
0.629584789276123
-0.11367503553628922
-0.06995386630296707
0.524653971195221
0.07869809865951538
-0.05246540158987045
-1.049307942390442
0.21860583126544952
-0.06995386630296707
-0.21860583126544952
0.17488466203212738
-0.22735007107257843
-0.6120963096618652
0.026232700794935226
-0.25358277559280396
-0.8132137060165405
0.5508866906166077
-0.06995386630296707
-0.43721166253089905
0.05246540158987045
-0.2710712254047394
-0.7782367467880249
-0.32353663444519043
-0.05246540158987045
-0.6733059883117676
0.3060481548309326
0.14865197241306305
-0.2710712254047394
0.3672578036785126
0.3934904932975769
-0.4197232127189636
0.21860583126544952
-0.17488466203212738
-0.17488466203212738
0.13116349279880524
-0.4721885919570923
-0.2098616063594818
0.2623269855976105
-0.25358277559280396
-0.13990773260593414
-0.2623269855976105
0.034976933151483536
0.043721165508031845
0.11367503553628922
-0.017488466575741768
-0.1049308031797409
0.23609429597854614
-0.22735007107257843
-0.13116349279880524
0.017488466575741768
0.15739619731903076
-0.14865197241306305
-0.4634443521499634
-0.13116349279880524
-0.14865197241306305
0.06120963394641876
-0.23609429597854614
-0.2011173665523529
0.25358277559280396
-0.2973039448261261
-0.096186563372612
0.017488466575741768
0.15739619731903076
-0.14865197241306305
0.13116349279880524
-0.12241926789283752
-0.15739619731903076
0.1049308031797409
-0.4809328317642212
-0.16614043712615967
0.12241926789283752
-0.4022347331047058
-0.12241926789283752
-0.13116349279880524
-0.008744233287870884
-0.043721165508031845
-0.192373126745224
-0.1049308031797409
-0.21860583126544952
0.22735007107257843
-0.498421311378479
-0.17488466203212738
0.0
-0.15739619731903076
-0.06995386630296707
-0.15739619731903076
-0.043721165508031845
0.008744233287870884
0.17488466203212738
-0.192373126745224
-0.17488466203212738
0.13116349279880524
-0.12241926789283752
-0.15739619731903076
0.13116349279880524
-0.32353663444519043
-0.07869809865951538
0.192373126745224
-0.192373126745224
-0.1836289018392563
0.12241926789283752
-0.15739619731903076
-0.14865197241306305
-0.2710712254047394
-0.12241926789283752
-0.15739619731903076
0.32353663444519043
-0.3060481548309326
-0.1836289018392563
-0.05246540158987045
-0.1836289018392563
-0.1836289018392563
0.2011173665523529
-0.07869809865951538
-0.21860583126544952
0.5421424508094788
0.043721165508031845
-0.4022347331047058
0.2885597050189972
-0.22735007107257843
-0.192373126745224
-0.13116349279880524
-0.008744233287870884
-0.043721165508031845
0.1836289018392563
-0.34976932406425476
-0.23609429597854614
0.14865197241306305
-0.4896770715713501
-0.07869809865951538
0.25358277559280396
-0.16614043712615967
-0.1049308031797409
-0.21860583126544952
0.07869809865951538
0.008744233287870884
-0.24483853578567505
0.5771194100379944
-0.12241926789283752
0.5421424508094788
0.043721165508031845
-0.4022347331047058
0.24483853578567505
0.096186563372612
-0.2710712254047394
0.192373126745224
-0.07869809865951538
-0.2710712254047394
0.2098616063594818
-0.043721165508031845
-0.22735007107257843
0.16614043712615967
-0.33228087425231934
-0.14865197241306305
0.2011173665523529
-0.2885597050189972
-0.24483853578567505
0.043721165508031845
0.13116349279880524
-0.096186563372612
0.25358277559280396
-0.017488466575741768
-0.21860583126544952
0.24483853578567505
-0.2011173665523529
-0.11367503553628922
-0.384746253490448
-0.008744233287870884
-0.24483853578567505
0.1049308031797409
-0.43721166253089905
-0.192373126745224
0.13116349279880524
-0.4721885919570923
-0.2098616063594818
0.32353663444519043
-0.3060481548309326
-0.1836289018392563
0.1836289018392563
-0.34976932406425476
-0.23609429597854614
0.22735007107257843
-0.13116349279880524
-0.17488466203212738
-0.32353663444519043
-0.043721165508031845
-0.22735007107257843
0.2098616063594818
-0.3147923946380615
-0.23609429597854614
-0.21860583126544952
0.07869809865951538
0.008744233287870884
-0.12241926789283752
-0.13990773260593414
-0.13116349279880524
0.3147923946380615
-0.3147923946380615
-0.1049308031797409
0.13116349279880524
-0.4721885919570923
-0.2098616063594818
0.3060481548309326
-0.4197232127189636
-0.11367503553628922
0.17488466203212738
-0.2098616063594818
-0.192373126745224
-0.2011173665523529
-0.11367503553628922
-0.15739619731903076
0.23609429597854614
-0.017488466575741768
-0.23609429597854614
0.15739619731903076
-0.2011173665523529
-0.13990773260593414
0.11367503553628922
-0.21860583126544952
-0.14865197241306305
0.22735007107257843
-0.192373126745224
-0.17488466203212738
0.23609429597854614
-0.017488466575741768
-0.23609429597854614
0.13116349279880524
-0.4721885919570923
-0.2098616063594818
0.32353663444519043
0.2973039448261261
-0.3760020434856415
0.25358277559280396
-0.2623269855976105
-0.1836289018392563
0.34976932406425476
-0.17488466203212738
-0.23609429597854614
-0.13116349279880524
-0.008744233287870884
-0.043721165508031845
0.34102508425712585
-0.2973039448261261
-0.15739619731903076
0.22735007107257843
-0.2885597050189972
-0.24483853578567505
-0.026232700794935226
-0.14865197241306305
-0.07869809865951538
0.08744233101606369
-0.45470014214515686
-0.16614043712615967
0.15739619731903076
-0.13990773260593414
-0.13116349279880524
0.3060481548309326
0.13116349279880524
-0.2623269855976105
0.12241926789283752
-0.4022347331047058
-0.12241926789283752
0.21860583126544952
-0.17488466203212738
-0.17488466203212738
0.0
0.21860583126544952
-0.096186563372612
0.2710712254047394
-0.2973039448261261
-0.21860583126544952
0.2973039448261261
-0.1836289018392563
-0.24483853578567505
-0.13990773260593414
-0.05246540158987045
-0.017488466575741768
-0.14865197241306305
-0.12241926789283752
-0.21860583126544952
0.17488466203212738
-0.2973039448261261
-0.13116349279880524
0.11367503553628922
-0.21860583126544952
-0.14865197241306305
0.23609429597854614
-0.096186563372612
-0.1836289018392563
0.026232700794935226
-0.12241926789283752
-0.07869809865951538
0.15739619731903076
-0.2011173665523529
-0.13990773260593414
0.16614043712615967
-0.2011173665523529
-0.15739619731903076
0.25358277559280396
-0.017488466575741768
-0.21860583126544952
0.192373126745224
-0.42846742272377014
-0.06120963394641876
0.3060481548309326
0.13116349279880524
-0.2623269855976105
0.034976933151483536
-0.192373126745224
-0.11367503553628922
0.16614043712615967
-0.192373126745224
-0.11367503553628922
0.15739619731903076
-0.13990773260593414
-0.13116349279880524
0.1049308031797409
-0.384746253490448
-0.096186563372612
0.1049308031797409
-0.32353663444519043
-0.2098616063594818
0.13116349279880524
-0.08744233101606369
-0.12241926789283752
0.2973039448261261
-0.4721885919570923
-0.12241926789283752
0.1836289018392563
-0.3060481548309326
-0.24483853578567505
0.16614043712615967
-0.2011173665523529
-0.15739619731903076
-0.21860583126544952
0.07869809865951538
0.008744233287870884
0.08744233101606369
0.017488466575741768
-0.17488466203212738
0.07869809865951538
-0.3060481548309326
-0.12241926789283752
0.14865197241306305
-0.15739619731903076
-0.2098616063594818
0.1836289018392563
-0.2973039448261261
-0.21860583126544952
0.11367503553628922
-0.017488466575741768
-0.1049308031797409
0.1836289018392563
-0.34976932406425476
-0.23609429597854614
0.1049308031797409
-0.43721166253089905
-0.192373126745224
0.25358277559280396
-0.017488466575741768
-0.21860583126544952
0.034976933151483536
-0.22735007107257843
-0.1836289018392563
0.1836289018392563
-0.2973039448261261
-0.21860583126544952
-0.2798154652118683
-0.06120963394641876
-0.21860583126544952
0.25358277559280396
-0.16614043712615967
-0.1049308031797409
0.08744233101606369
0.0
-0.13116349279880524
0.21860583126544952
0.06995386630296707
-0.3934904932975769
0.3147923946380615
0.2011173665523529
-0.2973039448261261
0.026232700794935226
-0.12241926789283752
-0.07869809865951538
0.17488466203212738
-0.2623269855976105
-0.16614043712615967
0.1836289018392563
0.017488466575741768
-0.34976932406425476
-0.2011173665523529
-0.11367503553628922
-0.15739619731903076
0.23609429597854614
0.043721165508031845
-0.24483853578567505
0.14865197241306305
-0.15739619731903076
-0.2098616063594818
-0.384746253490448
-0.008744233287870884
-0.24483853578567505
0.34102508425712585
-0.2973039448261261
-0.15739619731903076
0.1836289018392563
-0.15739619731903076
-0.2098616063594818
0.05246540158987045
-0.034976933151483536
-0.2623269855976105
0.06120963394641876
-0.17488466203212738
-0.13116349279880524
0.1836289018392563
-0.498421311378479
-0.11367503553628922
0.026232700794935226
-0.14865197241306305
-0.12241926789283752
-0.008744233287870884
-0.15739619731903076
-0.1049308031797409
0.25358277559280396
-0.2973039448261261
-0.096186563372612
0.1836289018392563
-0.15739619731903076
-0.2098616063594818
0.42846742272377014
0.5946078896522522
-0.524653971195221
-0.11367503553628922
0.3672578036785126
-0.14865197241306305
0.22735007107257843
0.017488466575741768
-0.24483853578567505
-0.2623269855976105
0.034976933151483536
0.043721165508031845
0.2623269855976105
-0.4809328317642212
-0.08744233101606369
0.25358277559280396
-0.2623269855976105
-0.1836289018392563
0.23609429597854614
0.06995386630296707
0.008744233287870884
0.22735007107257843
-0.498421311378479
-0.17488466203212738
0.3060481548309326
0.14865197241306305
-0.2710712254047394
0.11367503553628922
-0.1049308031797409
-0.22735007107257843
0.11367503553628922
-0.1049308031797409
-0.22735007107257843
0.13116349279880524
-0.3760020434856415
-0.13990773260593414
0.034976933151483536
-0.22735007107257843
-0.1836289018392563
0.16614043712615967
-0.192373126745224
-0.11367503553628922
0.21860583126544952
0.06120963394641876
-0.384746253490448
-0.034976933151483536
-0.12241926789283752
-0.043721165508031845
0.06120963394641876
-0.17488466203212738
-0.13116349279880524
0.13116349279880524
-0.2973039448261261
-0.11367503553628922
-0.2623269855976105
0.034976933151483536
0.043721165508031845
0.13116349279880524
-0.3760020434856415
-0.13990773260593414
0.1049308031797409
-0.043721165508031845
-0.13990773260593414
0.16614043712615967
-0.24483853578567505
-0.14865197241306305
0.21860583126544952
0.06120963394641876
-0.384746253490448
0.08744233101606369
-0.45470014214515686
-0.16614043712615967
0.1049308031797409
-0.2885597050189972
-0.21860583126544952
0.17488466203212738
-0.2973039448261261
-0.13116349279880524
0.25358277559280396
-0.2973039448261261
-0.07869809865951538
0.25358277559280396
-0.06120963394641876
-0.05246540158987045
0.0
-0.12241926789283752
-0.1049308031797409
0.034976933151483536
-0.22735007107257843
-0.1836289018392563
0.1836289018392563
-0.3060481548309326
-0.24483853578567505
0.42846742272377014
0.5946078896522522
-0.524653971195221
-0.13116349279880524
-0.008744233287870884
-0.043721165508031845
0.3147923946380615
-0.3147923946380615
-0.1049308031797409
0.06995386630296707
-0.15739619731903076
-0.096186563372612
0.017488466575741768
0.15739619731903076
-0.14865197241306305
0.06120963394641876
-0.22735007107257843
-0.1836289018392563
-0.384746253490448
-0.008744233287870884
-0.24483853578567505
0.2011173665523529
-0.06995386630296707
-0.25358277559280396
0.2885597050189972
-0.22735007107257843
-0.192373126745224
0.24483853578567505
-0.2011173665523529
-0.11367503553628922
0.25358277559280396
-0.017488466575741768
-0.21860583126544952
-0.15739619731903076
-0.043721165508031845
0.008744233287870884
0.3672578036785126
0.44595590233802795
-0.45470014214515686
0.13116349279880524
-0.32353663444519043
-0.07869809865951538
0.026232700794935226
-0.14865197241306305
-0.12241926789283752
0.13116349279880524
-0.3060481548309326
-0.16614043712615967
0.0
0.21860583126544952
-0.096186563372612
0.08744233101606369
-0.06120963394641876
-0.11367503553628922
0.08744233101606369
-0.23609429597854614
-0.2098616063594818
0.1836289018392563
-0.2973039448261261
-0.21860583126544952
-0.883167564868927
-0.15739619731903076
-0.17488466203212738
0.16614043712615967
-0.498421311378479
-0.14865197241306305
0.192373126745224
-0.498421311378479
-0.13116349279880524
0.2973039448261261
-0.2885597050189972
-0.21860583126544952
0.16614043712615967
-0.33228087425231934
-0.06120963394641876
0.2098616063594818
-0.498421311378479
-0.2098616063594818
0.2798154652118683
-0.2973039448261261
-0.14865197241306305
0.2885597050189972
0.15739619731903076
-0.2973039448261261
0.34976932406425476
0.34102508425712585
-0.4022347331047058
0.15739619731903076
-0.4634443521499634
-0.06995386630296707
0.25358277559280396
-0.4109789729118347
-0.06995386630296707
0.17488466203212738
-0.23609429597854614
-0.1836289018392563
0.2011173665523529
0.026232700794935226
-0.3672578036785126
0.21860583126544952
0.06995386630296707
-0.3934904932975769
0.05246540158987045
-0.034976933151483536
-0.2623269855976105
0.2098616063594818
-0.3147923946380615
-0.23609429597854614
0.32353663444519043
-0.3060481548309326
-0.1836289018392563
0.13990773260593414
-0.096186563372612
-0.23609429597854614
0.25358277559280396
0.017488466575741768
-0.017488466575741768
0.06120963394641876
-0.23609429597854614
-0.2011173665523529
0.15739619731903076
-0.44595590233802795
-0.22735007107257843
0.16614043712615967
-0.24483853578567505
-0.14865197241306305
0.1836289018392563
0.017488466575741768
-0.34976932406425476
0.08744233101606369
-0.23609429597854614
-0.2098616063594818
-0.2623269855976105
0.034976933151483536
0.043721165508031845
0.4109789729118347
0.5421424508094788
-0.498421311378479
0.13116349279880524
-0.24483853578567505
-0.11367503553628922
0.17488466203212738
-0.2623269855976105
-0.16614043712615967
0.16614043712615967
-0.33228087425231934
-0.14865197241306305
0.1049308031797409
-0.4809328317642212
-0.16614043712615967
0.23609429597854614
-0.026232700794935226
-0.2973039448261261
0.3060481548309326
0.13116349279880524
-0.2623269855976105
0.3147923946380615
-0.34976932406425476
-0.13116349279880524
0.3060481548309326
0.14865197241306305
-0.2710712254047394
0.25358277559280396
-0.384746253490448
-0.22735007107257843
0.23609429597854614
0.043721165508031845
-0.24483853578567505
0.2973039448261261
-0.1836289018392563
-0.24483853578567505
0.24483853578567505
-0.2011173665523529
-0.11367503553628922
0.0
-0.15739619731903076
-0.06995386630296707
0.1836289018392563
-0.33228087425231934
-0.23609429597854614
0.13116349279880524
-0.24483853578567505
-0.11367503553628922
-0.21860583126544952
-0.096186563372612
-0.2098616063594818
0.0
0.12241926789283752
-0.07869809865951538
0.22735007107257843
-0.3934904932975769
-0.06120963394641876
0.25358277559280396
-0.008744233287870884
-0.026232700794935226
0.3672578036785126
0.3934904932975769
-0.4197232127189636
0.22735007107257843
-0.13116349279880524
-0.17488466203212738
0.16614043712615967
-0.2011173665523529
-0.15739619731903076
-0.14865197241306305
-0.13116349279880524
-0.14865197241306305
0.23609429597854614
-0.2973039448261261
-0.13990773260593414
0.2011173665523529
-0.07869809865951538
-0.21860583126544952
0.3060481548309326
0.13116349279880524
-0.2623269855976105
0.2973039448261261
-0.4022347331047058
-0.1049308031797409
-0.2798154652118683
-0.06120963394641876
-0.21860583126544952
0.25358277559280396
-0.06120963394641876
-0.05246540158987045
0.13116349279880524
-0.08744233101606369
-0.12241926789283752
0.13116349279880524
-0.12241926789283752
-0.15739619731903076
0.06120963394641876
-0.2973039448261261
-0.17488466203212738
0.32353663444519043
0.22735007107257843
-0.3147923946380615
0.11367503553628922
-0.21860583126544952
-0.14865197241306305
0.22735007107257843
0.017488466575741768
-0.24483853578567505
0.192373126745224
-0.07869809865951538
-0.2710712254047394
-0.017488466575741768
-0.2011173665523529
-0.2011173665523529
0.25358277559280396
-0.2973039448261261
-0.07869809865951538
0.2710712254047394
-0.2973039448261261
-0.21860583126544952
0.14865197241306305
-0.13116349279880524
-0.15739619731903076
0.2011173665523529
-0.06995386630296707
-0.25358277559280396
0.017488466575741768
-0.2098616063594818
-0.2098616063594818
0.096186563372612
-0.017488466575741768
-0.13990773260593414
-0.13990773260593414
-0.05246540158987045
-0.017488466575741768
